{
  "sample_index": 2,
  "N": 64,
  "voxel_size": 0.07877322007942272,
  "params": {
    "use_clahe": true,
    "r_min": 8,
    "r_max": 24,
    "set_r_manual": false,
    "level_potential_rotation": 0.001,
    "level_potential_translation": 0.01,
    "normalization": 0,
    "noise": "None"
  },
  "gt_transform": [
    [
      -0.4227818250656128,
      0.09432491660118103,
      0.9013108611106873,
      -3.055014133453369
    ],
    [
      0.1705845445394516,
      0.9850721955299377,
      -0.02307542972266674,
      -0.4818999171257019
    ],
    [
      -0.8900337219238281,
      0.1439930498600006,
      -0.4325605630874634,
      2.607466697692871
    ],
    [
      0.0,
      0.0,
      0.0,
      1.0
    ]
  ],
  "gt_rpy_xyz": {
    "roll_deg": 161.5881200154391,
    "pitch_deg": 62.8773076028623,
    "yaw_deg": 158.02686757693897,
    "x": -3.055014133453369,
    "y": -0.4818999171257019,
    "z": 2.607466697692871
  },
  "mean1": [
    -0.10400105344044658,
    0.2029423221665757,
    2.548952245074355
  ],
  "mean2": [
    0.04636996793286923,
    0.06226922173081003,
    2.57049713552858
  ],
  "total_time_seconds": 205.87340688705444,
  "num_rotation_peaks": 19,
  "solutions": [
    {
      "rotation_index": 0,
      "rotation": {
        "w": 0.7071067811865477,
        "x": 0.0,
        "y": -0.0,
        "z": -0.7071067811865475,
        "correlation_height": 1.0,
        "persistence": Infinity,
        "level_potential": 1.0
      },
      "estimated_transform": [
        [
          2.220446049250313e-16,
          1.0000000000000002,
          0.0,
          0.22907090767923508
        ],
        [
          -1.0000000000000002,
          2.220446049250313e-16,
          0.0,
          -0.122866452248834
        ],
        [
          0.0,
          0.0,
          1.0,
          0.7261950156984054
        ],
        [
          0.0,
          0.0,
          0.0,
          1.0
        ]
      ],
      "estimated_rpy_xyz": {
        "roll_deg": 0.0,
        "pitch_deg": 0.0,
        "yaw_deg": -89.99999999999999,
        "x": 0.22907090767923508,
        "y": -0.122866452248834,
        "z": 0.7261950156984054
      },
      "error": {
        "rotation_error_deg": 138.97379444497346,
        "translation_error_m": 3.8017459325046334
      },
      "translations": [
        {
          "index": 0,
          "x_translation": 0.08113462053919744,
          "y_translation": 0.38564326191294146,
          "z_translation": 0.7046501252441805,
          "correlation_height": 2.4980548984892342e+17,
          "persistence": 1.0,
          "level_potential": 1.0
        },
        {
          "index": 1,
          "x_translation": -0.08318911124660334,
          "y_translation": 0.3288508647621673,
          "z_translation": 0.007530526767031312,
          "correlation_height": 2.4776209973947082e+17,
          "persistence": 0.39183015318463155,
          "level_potential": 0.02022230562996926
        },
        {
          "index": 2,
          "x_translation": 1.0219120364469674,
          "y_translation": 2.2038965890114808,
          "z_translation": -0.4668796426793196,
          "correlation_height": 2.0559777281976064e+16,
          "persistence": 0.08203439935501224,
          "level_potential": 0.011772973731087587
        }
      ]
    },
    {
      "rotation_index": 1,
      "rotation": {
        "w": 0.7062550401009887,
        "x": 0.043273825381469816,
        "y": -0.023130341561585634,
        "z": 0.7062550401009888,
        "correlation_height": 0.9842350137506369,
        "persistence": 0.4041192868229998,
        "level_potential": 0.15820375137801865
      },
      "estimated_transform": [
        [
          0.0013376112623900704,
          -0.9995942400595982,
          0.028452873945971853,
          1.2116950162223286
        ],
        [
          0.995590486612599,
          -0.0013376112623906256,
          -0.09379655517448077,
          -0.220838512015238
        ],
        [
          0.09379655517448077,
          0.02845287394597184,
          0.9951847266721969,
          0.8129298284236945
        ],
        [
          0.0,
          0.0,
          0.0,
          1.0
        ]
      ],
      "estimated_rpy_xyz": {
        "roll_deg": 1.6376714518138198,
        "pitch_deg": -5.382058211902186,
        "yaw_deg": 89.92302112677748,
        "x": 1.2116950162223286,
        "y": -0.220838512015238,
        "z": 0.8129298284236945
      },
      "error": {
        "rotation_error_deg": 134.76461246851858,
        "translation_error_m": 4.636083828781335
      },
      "translations": [
        {
          "index": 0,
          "x_translation": -0.5491554268292543,
          "y_translation": -1.0115390368482287,
          "z_translation": 0.8595594818188875,
          "correlation_height": 1.7256367861596106e+17,
          "persistence": 1.0,
          "level_potential": 1.0
        },
        {
          "index": 1,
          "x_translation": -0.3193689391325844,
          "y_translation": 0.7748180614095691,
          "z_translation": -0.009879597670768119,
          "correlation_height": 5.238538307364561e+16,
          "persistence": 0.2759515632840142,
          "level_potential": 0.051228274515334925
        },
        {
          "index": 2,
          "x_translation": -0.4712008286285318,
          "y_translation": -0.9672178959227121,
          "z_translation": -0.06844089756922501,
          "correlation_height": 1.4619913809335088e+17,
          "persistence": 0.1720975887216606,
          "level_potential": 0.012620576580848997
        }
      ]
    },
    {
      "rotation_index": 2,
      "rotation": {
        "w": 0.016480881777508796,
        "x": 0.6713566938454218,
        "y": -0.7407279647289757,
        "z": -0.01818385089164506,
        "correlation_height": 0.9357986416635276,
        "persistence": 0.35198379466596097,
        "level_potential": 0.10849510862663145
      },
      "estimated_transform": [
        [
          -0.09801714032956066,
          -0.9939859830849767,
          -0.04883140006397182,
          1.3550901338868429
        ],
        [
          -0.9951847266721969,
          0.0978990743913899,
          0.004809473120195706,
          -0.4088541952897469
        ],
        [
          0.0,
          0.04906767432741796,
          -0.9987954562051724,
          4.82341298549165
        ],
        [
          0.0,
          0.0,
          0.0,
          1.0
        ]
      ],
      "estimated_rpy_xyz": {
        "roll_deg": 177.1875,
        "pitch_deg": 3.975693351829396e-16,
        "yaw_deg": -95.625,
        "x": 1.3550901338868429,
        "y": -0.4088541952897469,
        "z": 4.82341298549165
      },
      "error": {
        "rotation_error_deg": 111.42794441303563,
        "translation_error_m": 4.936060278685417
      },
      "translations": [
        {
          "index": 0,
          "x_translation": 0.23657676739759126,
          "y_translation": -1.033484383809674,
          "z_translation": 0.23257763751268556,
          "correlation_height": 1.5459127071517066e+17,
          "persistence": 1.0,
          "level_potential": 1.0
        },
        {
          "index": 1,
          "x_translation": 0.23147209068850483,
          "y_translation": 0.7800025761585818,
          "z_translation": -0.1619501899734173,
          "correlation_height": 2.70446117767015e+16,
          "persistence": 0.16367372874419833,
          "level_potential": 0.018215701196781783
        }
      ]
    },
    {
      "rotation_index": 3,
      "rotation": {
        "w": 1.8364169376415448e-16,
        "x": -0.0,
        "y": 0.024541228522912288,
        "z": -0.9996988186962042,
        "correlation_height": 0.9060435238558704,
        "persistence": 0.32583941624196855,
        "level_potential": 0.08715761929967829
      },
      "estimated_transform": [
        [
          -1.0,
          3.671727686387907e-16,
          9.013585546001584e-18,
          -0.2171220696462014
        ],
        [
          -3.671727686387907e-16,
          -0.9987954562051724,
          -0.049067674327418015,
          1.1696879875216628
        ],
        [
          -9.013585546001584e-18,
          -0.049067674327418015,
          0.9987954562051724,
          0.3138121029688574
        ],
        [
          0.0,
          0.0,
          0.0,
          1.0
        ]
      ],
      "estimated_rpy_xyz": {
        "roll_deg": -2.8125,
        "pitch_deg": 5.164404100660126e-16,
        "yaw_deg": -179.99999999999997,
        "x": -0.2171220696462014,
        "y": 1.1696879875216628,
        "z": 0.3138121029688574
      },
      "error": {
        "rotation_error_deg": 178.26018653810908,
        "translation_error_m": 4.005272191789309
      },
      "translations": [
        {
          "index": 0,
          "x_translation": 0.1594909841386237,
          "y_translation": -0.7924122229844689,
          "z_translation": 0.24064702512358574,
          "correlation_height": 1.9830520376235e+17,
          "persistence": 1.0,
          "level_potential": 1.0
        },
        {
          "index": 1,
          "x_translation": 0.4625567779687231,
          "y_translation": -0.26499454733612937,
          "z_translation": -0.2356648658118404,
          "correlation_height": 1.2689739945738709e+17,
          "persistence": 0.5739357867124629,
          "level_potential": 0.03208171930783057
        }
      ]
    },
    {
      "rotation_index": 4,
      "rotation": {
        "w": 0.10499513828781859,
        "x": -0.7353788280526802,
        "y": -0.666508518962165,
        "z": -0.06293166403846223,
        "correlation_height": 0.8941883954895697,
        "persistence": 0.31324562929102584,
        "level_potential": 0.07845634984562125
      },
      "estimated_transform": [
        [
          0.10361199962442291,
          0.9934875446598507,
          -0.047403081540864644,
          0.2855744079922006
        ],
        [
          0.9670574695862472,
          -0.08948483017356645,
          0.23831138387885026,
          -1.0507478292532886
        ],
        [
          0.23251753493290206,
          -0.07053342310245025,
          -0.9700312531945441,
          4.836516217921659
        ],
        [
          0.0,
          0.0,
          0.0,
          1.0
        ]
      ],
      "estimated_rpy_xyz": {
        "roll_deg": -175.8411981643596,
        "pitch_deg": -13.445334999906214,
        "yaw_deg": 83.88457262171045,
        "x": 0.2855744079922006,
        "y": -1.0507478292532886,
        "z": 4.836516217921659
      },
      "error": {
        "rotation_error_deg": 111.0697998593622,
        "translation_error_m": 4.056071799297306
      },
      "translations": [
        {
          "index": 0,
          "x_translation": -0.6286788848689328,
          "y_translation": 0.3803570130837938,
          "z_translation": 0.07425925353999938,
          "correlation_height": 1.8498658774900557e+17,
          "persistence": 1.0,
          "level_potential": 1.0
        }
      ]
    },
    {
      "rotation_index": 5,
      "rotation": {
        "w": 0.046954836744478194,
        "x": -0.9987954562051724,
        "y": 6.115858292222923e-17,
        "z": -0.014243594005761627,
        "correlation_height": 0.9017469562044923,
        "persistence": 0.2929974955460918,
        "level_potential": 0.0698067126181417
      },
      "estimated_transform": [
        [
          0.9995942400595981,
          0.0013376112623902088,
          0.028452873945971895,
          -0.7024100399301606
        ],
        [
          -0.001337611262390453,
          -0.9955904866125989,
          0.09379655517448098,
          0.8324507519851062
        ],
        [
          0.02845287394597188,
          -0.09379655517448098,
          -0.9951847266721969,
          4.950548487069714
        ],
        [
          0.0,
          0.0,
          0.0,
          1.0
        ]
      ],
      "estimated_rpy_xyz": {
        "roll_deg": -174.61575546045353,
        "pitch_deg": -1.6304496353788738,
        "yaw_deg": -0.07667054405457423,
        "x": -0.7024100399301606,
        "y": 0.8324507519851062,
        "z": 4.950548487069714
      },
      "error": {
        "rotation_error_deg": 173.80283853894124,
        "translation_error_m": 3.5710325720275145
      },
      "translations": [
        {
          "index": 0,
          "x_translation": -0.785788138770725,
          "y_translation": -0.7880852768038311,
          "z_translation": 0.23129692254497128,
          "correlation_height": 1.8638534418646458e+17,
          "persistence": 1.0,
          "level_potential": 1.0
        },
        {
          "index": 1,
          "x_translation": -0.8636555441371365,
          "y_translation": -0.25905358010598967,
          "z_translation": 1.098910070308036,
          "correlation_height": 6.795286876213326e+16,
          "persistence": 0.27939426243445564,
          "level_potential": 0.04952481706800243
        }
      ]
    },
    {
      "rotation_index": 6,
      "rotation": {
        "w": 0.009572628385118508,
        "x": -0.0,
        "y": 0.9987954562051724,
        "z": 0.04812485272395118,
        "correlation_height": 0.8804618150062934,
        "persistence": 0.25021404343238407,
        "level_potential": 0.048533813122824614
      },
      "estimated_transform": [
        [
          -0.999816729571601,
          -0.0009213626624298856,
          0.019122195469994045,
          -0.6554355781806187
        ],
        [
          0.0009213626624298856,
          0.995367997100596,
          0.0961337684624511,
          -0.22807622171841416
        ],
        [
          -0.019122195469994045,
          0.0961337684624511,
          -0.9951847266721969,
          5.007190774266311
        ],
        [
          0.0,
          0.0,
          0.0,
          1.0
        ]
      ],
      "estimated_rpy_xyz": {
        "roll_deg": 174.48240934891982,
        "pitch_deg": 1.095687876946152,
        "yaw_deg": 179.94720014633353,
        "x": -0.6554355781806187,
        "y": -0.22807622171841416,
        "z": 5.007190774266311
      },
      "error": {
        "rotation_error_deg": 63.90761090437246,
        "translation_error_m": 3.4030930236029624
      },
      "translations": [
        {
          "index": 0,
          "x_translation": 0.5508134269587174,
          "y_translation": 0.14883691916005273,
          "z_translation": 0.08265988775388135,
          "correlation_height": 1.7731204989790054e+17,
          "persistence": 1.0,
          "level_potential": 1.0
        },
        {
          "index": 1,
          "x_translation": 0.46528982127071167,
          "y_translation": -0.38732504344049745,
          "z_translation": 0.8561251003710888,
          "correlation_height": 1.2601523041602987e+17,
          "persistence": 0.6530801540363154,
          "level_potential": 0.04301291842777534
        }
      ]
    },
    {
      "rotation_index": 7,
      "rotation": {
        "w": 0.9987954562051724,
        "x": 0.04812485272395107,
        "y": -0.009572628385118487,
        "z": 1.2231716584445847e-16,
        "correlation_height": 0.849552982152163,
        "persistence": 0.20233860049221308,
        "level_potential": 0.029548702874384637
      },
      "estimated_transform": [
        [
          0.9998167295716008,
          -0.0009213626624301258,
          -0.019122195469993993,
          -0.2751716880787332
        ],
        [
          -0.0009213626624296371,
          0.9953679971005961,
          -0.09613376846245088,
          0.2299998279860226
        ],
        [
          0.019122195469994014,
          0.09613376846245088,
          0.9951847266721969,
          0.1752429490865346
        ],
        [
          0.0,
          0.0,
          0.0,
          1.0
        ]
      ],
      "estimated_rpy_xyz": {
        "roll_deg": 5.517590651080185,
        "pitch_deg": -1.0956878769461065,
        "yaw_deg": -0.052799853666458,
        "x": -0.2751716880787332,
        "y": 0.2299998279860226,
        "z": 0.1752429490865346
      },
      "error": {
        "rotation_error_deg": 116.45879590654842,
        "translation_error_m": 3.761650047523787
      },
      "translations": [
        {
          "index": 0,
          "x_translation": -0.4714408398464201,
          "y_translation": 0.1399274448754247,
          "z_translation": 0.1552558693617874,
          "correlation_height": 1.2838639596696341e+17,
          "persistence": 1.0,
          "level_potential": 1.0
        },
        {
          "index": 1,
          "x_translation": -0.6210965404681345,
          "y_translation": -0.39354695189665284,
          "z_translation": -0.0068644852680597645,
          "correlation_height": 8.847044048375643e+16,
          "persistence": 0.5290877171355322,
          "level_potential": 0.04948675403508802
        },
        {
          "index": 2,
          "x_translation": -0.7864118295361164,
          "y_translation": 0.1563868080816075,
          "z_translation": 0.7824960144856123,
          "correlation_height": 1.223705037551033e+17,
          "persistence": 0.14285330542445285,
          "level_potential": 0.010895801791706032
        }
      ]
    },
    {
      "rotation_index": 8,
      "rotation": {
        "w": 0.4509914298352198,
        "x": 0.5490085701647803,
        "y": -0.4975923633360986,
        "z": 0.49759236333609846,
        "correlation_height": 0.6890390612946125,
        "persistence": 0.09968758521588472,
        "level_potential": 0.0047181292842659196
      },
      "estimated_transform": [
        [
          0.009607359798384452,
          -0.9951847266721972,
          0.09754516100806399,
          1.0129782163248588
        ],
        [
          -0.09754516100806421,
          -0.09801714032956066,
          -0.9903926402016154,
          2.0318109433310023
        ],
        [
          0.9951847266721972,
          -5.551115123125783e-17,
          -0.09801714032956088,
          2.464440246550743
        ],
        [
          0.0,
          0.0,
          0.0,
          1.0
        ]
      ],
      "estimated_rpy_xyz": {
        "roll_deg": -179.99999999999977,
        "pitch_deg": -84.375,
        "yaw_deg": -84.37500000000026,
        "x": 1.0129782163248588,
        "y": 2.0318109433310023,
        "z": 2.464440246550743
      },
      "error": {
        "rotation_error_deg": 166.37336194190758,
        "translation_error_m": 4.784114022890183
      },
      "translations": [
        {
          "index": 0,
          "x_translation": -0.3923799606287612,
          "y_translation": -0.952060290619507,
          "z_translation": 0.7030159696224829,
          "correlation_height": 2.334972764875741e+17,
          "persistence": 1.0,
          "level_potential": 1.0
        },
        {
          "index": 1,
          "x_translation": 0.3961507981882842,
          "y_translation": 0.7985930966810745,
          "z_translation": -0.6058358249683164,
          "correlation_height": 5.344522628436179e+16,
          "persistence": 0.216171061851786,
          "level_potential": 0.03178971356572061
        }
      ]
    },
    {
      "rotation_index": 9,
      "rotation": {
        "w": 0.03469608525397036,
        "x": -0.7062550401009887,
        "y": 0.03469608525397042,
        "z": -0.7062550401009888,
        "correlation_height": 0.6854344095227071,
        "persistence": 0.08645125126916986,
        "level_potential": 0.003511352034779764
      },
      "estimated_transform": [
        [
          -2.220446049250313e-16,
          -7.632783294297951e-17,
          1.0000000000000002,
          -3.048767974081227
        ],
        [
          -0.09801714032956074,
          -0.9951847266721972,
          -9.020562075079397e-17,
          1.0569965988716927
        ],
        [
          0.995184726672197,
          -0.09801714032956074,
          1.1102230246251565e-16,
          2.697760740863611
        ],
        [
          0.0,
          0.0,
          0.0,
          1.0
        ]
      ],
      "estimated_rpy_xyz": {
        "roll_deg": -89.99999999999993,
        "pitch_deg": -84.375,
        "yaw_deg": -90.00000000000013,
        "x": -3.048767974081227,
        "y": 1.0569965988716927,
        "z": 2.697760740863611
      },
      "error": {
        "rotation_error_deg": 176.1988937091619,
        "translation_error_m": 1.5415568867895815
      },
      "translations": [
        {
          "index": 0,
          "x_translation": -0.07485059006465856,
          "y_translation": -0.7994691854296941,
          "z_translation": -0.5461856969397411,
          "correlation_height": 1.6617689970029446e+17,
          "persistence": 1.0,
          "level_potential": 1.0
        },
        {
          "index": 1,
          "x_translation": -0.9357342646363591,
          "y_translation": -0.2516712089040913,
          "z_translation": 0.017190201195910776,
          "correlation_height": 9.96545711414119e+16,
          "persistence": 0.5069807195058688,
          "level_potential": 0.07412269195754506
        }
      ]
    },
    {
      "rotation_index": 10,
      "rotation": {
        "w": 0.5121200236095584,
        "x": -0.487578795086646,
        "y": -0.48757879508664603,
        "z": -0.5121200236095583,
        "correlation_height": 0.6776545104896768,
        "persistence": 0.0755618761464859,
        "level_potential": 0.002621936273518572
      },
      "estimated_transform": [
        [
          2.220446049250313e-16,
          0.9999999999999999,
          -1.6653345369377348e-16,
          0.22233116781081289
        ],
        [
          -0.04906767432741821,
          2.220446049250313e-16,
          0.9987954562051722,
          -2.7219096795478017
        ],
        [
          0.9987954562051722,
          -5.551115123125783e-17,
          0.04906767432741832,
          2.4550749614489145
        ],
        [
          0.0,
          0.0,
          0.0,
          1.0
        ]
      ],
      "estimated_rpy_xyz": {
        "roll_deg": 1.2963951216600736e-13,
        "pitch_deg": -87.18749999999999,
        "yaw_deg": -90.0,
        "x": 0.22233116781081289,
        "y": -2.7219096795478017,
        "z": 2.4550749614489145
      },
      "error": {
        "rotation_error_deg": 157.4639385067985,
        "translation_error_m": 3.972633326077686
      },
      "translations": [
        {
          "index": 0,
          "x_translation": -0.08267101285933044,
          "y_translation": 0.3789035220445189,
          "z_translation": -0.2375364884329359,
          "correlation_height": 2.1370137742583507e+17,
          "persistence": 1.0,
          "level_potential": 1.0
        },
        {
          "index": 1,
          "x_translation": -0.7783320432874886,
          "y_translation": 0.3208390876519157,
          "z_translation": 0.39010017441886163,
          "correlation_height": 1.7221954713354378e+17,
          "persistence": 0.24540863501943389,
          "level_potential": 0.02093863125123388
        },
        {
          "index": 2,
          "x_translation": -0.704187741444659,
          "y_translation": 2.1215811582774395,
          "z_translation": -0.5469881225435846,
          "correlation_height": 3.3429517201036764e+16,
          "persistence": 0.15199071440282275,
          "level_potential": 0.012390051112539362
        }
      ]
    },
    {
      "rotation_index": 11,
      "rotation": {
        "w": 0.10872011017156728,
        "x": -0.6707500326750965,
        "y": 0.03295183608809479,
        "z": 0.7329314482330954,
        "correlation_height": 0.6826619818694125,
        "persistence": 0.07162015251727527,
        "level_potential": 0.002390462402795022
      },
      "estimated_transform": [
        [
          -0.07654866262127857,
          -0.203573665865805,
          -0.9760625312022029,
          2.666390030089147
        ],
        [
          0.11516388533462901,
          -0.9741882282854113,
          0.19415090879201147,
          0.5377341476892552
        ],
        [
          -0.9903926402016152,
          -0.09754516100806393,
          0.09801714032956066,
          2.551942497644689
        ],
        [
          0.0,
          0.0,
          0.0,
          1.0
        ]
      ],
      "estimated_rpy_xyz": {
        "roll_deg": -44.86171992020192,
        "pitch_deg": 82.0514488381943,
        "yaw_deg": 123.61171992020199,
        "x": 2.666390030089147,
        "y": 0.5377341476892552,
        "z": 2.551942497644689
      },
      "error": {
        "rotation_error_deg": 173.22096960865548,
        "translation_error_m": 5.811808954625432
      },
      "translations": [
        {
          "index": 0,
          "x_translation": -0.23142732022390072,
          "y_translation": -0.7918071852200133,
          "z_translation": 0.0821421063338746,
          "correlation_height": 1.060061138818016e+17,
          "persistence": 1.0,
          "level_potential": 1.0
        },
        {
          "index": 1,
          "x_translation": 0.5559594160417657,
          "y_translation": -0.34937213128614025,
          "z_translation": 0.1518502146391515,
          "correlation_height": 6.927446834721344e+16,
          "persistence": 0.5753975099709573,
          "level_potential": 0.026204798472729524
        },
        {
          "index": 2,
          "x_translation": -0.1632436550882973,
          "y_translation": -0.62677752104503,
          "z_translation": 1.2603827358012027,
          "correlation_height": 7.366377599626976e+16,
          "persistence": 0.2556270831080161,
          "level_potential": 0.02354363001084198
        },
        {
          "index": 3,
          "x_translation": 0.07778871892686587,
          "y_translation": 0.9779146337450836,
          "z_translation": -1.2712996133213572,
          "correlation_height": 1.9964803239870424e+16,
          "persistence": 0.18311444257272597,
          "level_potential": 0.02877377401641145
        }
      ]
    },
    {
      "rotation_index": 12,
      "rotation": {
        "w": 0.47486389093887726,
        "x": 0.5239315652662951,
        "y": 0.5239315652662953,
        "z": -0.4748638909388771,
        "correlation_height": 0.6739211601990339,
        "persistence": 0.07139625289006657,
        "level_potential": 0.0023150961035098764
      },
      "estimated_transform": [
        [
          0.0,
          1.0,
          2.7755575615628914e-16,
          0.15879750432280823
        ],
        [
          0.09801714032956066,
          2.220446049250313e-16,
          -0.9951847266721969,
          2.1645694002231815
        ],
        [
          -0.9951847266721969,
          5.551115123125783e-17,
          -0.09801714032956066,
          2.3606422535503992
        ],
        [
          0.0,
          0.0,
          0.0,
          1.0
        ]
      ],
      "estimated_rpy_xyz": {
        "roll_deg": 179.99999999999997,
        "pitch_deg": 84.375,
        "yaw_deg": 90.0,
        "x": 0.15879750432280823,
        "y": 2.1645694002231815,
        "z": 2.3606422535503992
      },
      "error": {
        "rotation_error_deg": 88.21912212320001,
        "translation_error_m": 4.170528489850413
      },
      "translations": [
        {
          "index": 0,
          "x_translation": 0.3109047715319826,
          "y_translation": 0.3153698585565153,
          "z_translation": 0.47734459197421225,
          "correlation_height": 2.5263251736917344e+17,
          "persistence": 1.0,
          "level_potential": 1.0
        },
        {
          "index": 1,
          "x_translation": -0.46466208397979586,
          "y_translation": 0.38249582550779015,
          "z_translation": 0.7810117519858706,
          "correlation_height": 2.2175685326668595e+17,
          "persistence": 0.1912962643818762,
          "level_potential": 0.01632901071891141
        }
      ]
    },
    {
      "rotation_index": 13,
      "rotation": {
        "w": 0.7400586172746423,
        "x": 0.03295183608809472,
        "y": -0.6707500326750965,
        "z": -0.036356748511451015,
        "correlation_height": 0.6833756512619839,
        "persistence": 0.0709991665852413,
        "level_potential": 0.002354103230187099
      },
      "estimated_transform": [
        [
          0.09754516100806421,
          0.009607359798384785,
          -0.9951847266721969,
          1.615529357556695
        ],
        [
          -0.0980171403295606,
          0.9951847266721969,
          0.0,
          0.04665100162061608
        ],
        [
          0.9903926402016152,
          0.09754516100806414,
          0.09801714032956066,
          2.12193229192265
        ],
        [
          0.0,
          0.0,
          0.0,
          1.0
        ]
      ],
      "estimated_rpy_xyz": {
        "roll_deg": 44.861719920201956,
        "pitch_deg": -82.05144883819432,
        "yaw_deg": -45.13828007979806,
        "x": 1.615529357556695,
        "y": 0.04665100162061608,
        "z": 2.12193229192265
      },
      "error": {
        "rotation_error_deg": 160.3499542839183,
        "translation_error_m": 4.72536043034535
      },
      "translations": [
        {
          "index": 0,
          "x_translation": -0.3936616146205375,
          "y_translation": 0.15871945700013854,
          "z_translation": 0.943381743583827,
          "correlation_height": 1.6640549709204784e+17,
          "persistence": 1.0,
          "level_potential": 1.0
        },
        {
          "index": 1,
          "x_translation": -0.3885432004389844,
          "y_translation": -0.3926585617558164,
          "z_translation": 0.9333220395348383,
          "correlation_height": 7.229724564214189e+16,
          "persistence": 0.3918670988135281,
          "level_potential": 0.05563046238603893
        },
        {
          "index": 2,
          "x_translation": 0.23895550430291207,
          "y_translation": 1.8601737070792415,
          "z_translation": -1.3492913633906056,
          "correlation_height": 1.6554384267487968e+16,
          "persistence": 0.09026326694370593,
          "level_potential": 0.010143910938555495
        }
      ]
    },
    {
      "rotation_index": 14,
      "rotation": {
        "w": 0.04905289606128951,
        "x": -0.01648088177750881,
        "y": -0.018183850891645082,
        "z": 0.9984946376874473,
        "correlation_height": 0.8451321005002954,
        "persistence": 0.06833039896272719,
        "level_potential": 0.0033348561743830863
      },
      "estimated_transform": [
        [
          -0.9946443878476725,
          -0.09735873556686446,
          -0.03469608525397033,
          -0.30777371499902606
        ],
        [
          0.09855747915408465,
          -0.9945263219095017,
          -0.03469608525397037,
          1.0784480475977671
        ],
        [
          -0.03112820306284292,
          -0.03792982517729252,
          0.9987954562051724,
          0.6679195468651495
        ],
        [
          0.0,
          0.0,
          0.0,
          1.0
        ]
      ],
      "estimated_rpy_xyz": {
        "roll_deg": -2.174794740819084,
        "pitch_deg": 1.7838028122106722,
        "yaw_deg": 174.34113900573834,
        "x": -0.30777371499902606,
        "y": 1.0784480475977671,
        "z": 0.6679195468651495
      },
      "error": {
        "rotation_error_deg": 174.81069120292935,
        "translation_error_m": 3.707268895417599
      },
      "translations": [
        {
          "index": 0,
          "x_translation": 0.4076218182494025,
          "y_translation": -0.7010308514217239,
          "z_translation": 0.6256963666791279,
          "correlation_height": 1.3363625217963122e+17,
          "persistence": 1.0,
          "level_potential": 1.0
        },
        {
          "index": 1,
          "x_translation": 0.45200500368768814,
          "y_translation": -0.1977932852158851,
          "z_translation": -0.16208168437861115,
          "correlation_height": 7.305208722886874e+16,
          "persistence": 0.43787441216738876,
          "level_potential": 0.032390353849224736
        },
        {
          "index": 2,
          "x_translation": 0.15511202090740817,
          "y_translation": 1.0909131158685839,
          "z_translation": -0.32906338946541397,
          "correlation_height": 3.0058045413348184e+16,
          "persistence": 0.22291865951744905,
          "level_potential": 0.04099916665510791
        }
      ]
    },
    {
      "rotation_index": 15,
      "rotation": {
        "w": 0.5239315652662953,
        "x": -0.4748638909388772,
        "y": 0.47486389093887726,
        "z": 0.5239315652662954,
        "correlation_height": 0.6604214249973936,
        "persistence": 0.06495396181331714,
        "level_potential": 0.0018401515811860673
      },
      "estimated_transform": [
        [
          0.0,
          -0.9999999999999999,
          -5.551115123125783e-17,
          1.2089995349574603
        ],
        [
          0.09801714032956077,
          0.0,
          0.9951847266721967,
          -1.9429073483503496
        ],
        [
          -0.9951847266721967,
          1.6653345369377348e-16,
          0.09801714032956088,
          1.720167910820375
        ],
        [
          0.0,
          0.0,
          0.0,
          1.0
        ]
      ],
      "estimated_rpy_xyz": {
        "roll_deg": 0.0,
        "pitch_deg": 84.375,
        "yaw_deg": 90.0,
        "x": 1.2089995349574603,
        "y": -1.9429073483503496,
        "z": 1.720167910820375
      },
      "error": {
        "rotation_error_deg": 97.38930363487343,
        "translation_error_m": 4.593864672489078
      },
      "translations": [
        {
          "index": 0,
          "x_translation": 0.5456919303769768,
          "y_translation": -0.9596872448580153,
          "z_translation": 0.4700843093040917,
          "correlation_height": 2.289052784119643e+17,
          "persistence": 1.0,
          "level_potential": 1.0
        },
        {
          "index": 1,
          "x_translation": -0.8617111129774612,
          "y_translation": -1.0184665855548,
          "z_translation": -0.0024958643385959278,
          "correlation_height": 2.1820994785347898e+17,
          "persistence": 0.4192080314976385,
          "level_potential": 0.07150130958226086
        },
        {
          "index": 2,
          "x_translation": 0.00325730474990377,
          "y_translation": 0.793025454829416,
          "z_translation": -0.7122563527961884,
          "correlation_height": 4.5181988140764296e+16,
          "persistence": 0.18115163902971157,
          "level_potential": 0.023526161876829037
        }
      ]
    },
    {
      "rotation_index": 16,
      "rotation": {
        "w": 0.7233746956217759,
        "x": 0.033834150884708813,
        "y": 0.6887099629526219,
        "z": 0.035537119998845054,
        "correlation_height": 0.6769328166671255,
        "persistence": 0.06423737896519965,
        "level_potential": 0.0018908921630815777
      },
      "estimated_transform": [
        [
          0.04883140006397213,
          -0.004809473120195681,
          0.9987954562051724,
          -2.601710320390874
        ],
        [
          0.09801714032956055,
          0.9951847266721969,
          -4.85722573273506e-17,
          -0.022273958909885823
        ],
        [
          -0.9939859830849767,
          0.09789907439138984,
          0.04906767432741821,
          2.8784052053374656
        ],
        [
          0.0,
          0.0,
          0.0,
          1.0
        ]
      ],
      "estimated_rpy_xyz": {
        "roll_deg": 63.37966338647476,
        "pitch_deg": 83.71308124901263,
        "yaw_deg": 63.51786033519795,
        "x": -2.601710320390874,
        "y": -0.022273958909885823,
        "z": 2.8784052053374656
      },
      "error": {
        "rotation_error_deg": 28.733720246584724,
        "translation_error_m": 0.700105790334002
      },
      "translations": [
        {
          "index": 0,
          "x_translation": -0.5476535076706511,
          "y_translation": 0.16168602604740906,
          "z_translation": -0.08082998167771627,
          "correlation_height": 1.8455278866477062e+17,
          "persistence": 1.0,
          "level_potential": 1.0
        },
        {
          "index": 1,
          "x_translation": 0.4799980726706368,
          "y_translation": -0.38520400675585414,
          "z_translation": -0.003946299914349971,
          "correlation_height": 1.274439891112464e+17,
          "persistence": 0.5939366610616069,
          "level_potential": 0.041529674819824794
        },
        {
          "index": 2,
          "x_translation": -0.6295524227187063,
          "y_translation": 1.9664419796117252,
          "z_translation": -1.737842124135476,
          "correlation_height": 2.1589902264455236e+16,
          "persistence": 0.1168390263587708,
          "level_potential": 0.012010852939168393
        },
        {
          "index": 3,
          "x_translation": -0.46993756716465335,
          "y_translation": 1.8555046715925392,
          "z_translation": -0.22722002768195648,
          "correlation_height": 2.1276277122433296e+16,
          "persistence": 0.10105860961696769,
          "level_potential": 0.01252786830641289
        }
      ]
    },
    {
      "rotation_index": 17,
      "rotation": {
        "w": 0.5116271989613577,
        "x": 0.08407210553107564,
        "y": 0.8535984123020443,
        "z": 0.05039088082139932,
        "correlation_height": 0.6797676996862632,
        "persistence": 0.06012655763559538,
        "level_potential": 0.0016705278859824577
      },
      "estimated_transform": [
        [
          -0.46233898070905455,
          0.0919649411847359,
          0.8819212643483552,
          -2.7454166665402386
        ],
        [
          0.19509032201612841,
          0.9807852804032304,
          1.942890293094024e-16,
          0.0014256972338744026
        ],
        [
          -0.864975394547473,
          0.17205430345459177,
          -0.47139673682599814,
          3.751549065126866
        ],
        [
          0.0,
          0.0,
          0.0,
          1.0
        ]
      ],
      "estimated_rpy_xyz": {
        "roll_deg": 159.94850835033748,
        "pitch_deg": 59.87989575076804,
        "yaw_deg": 157.12201486865106,
        "x": -2.7454166665402386,
        "y": 0.0014256972338744026,
        "z": 3.751549065126866
      },
      "error": {
        "rotation_error_deg": 3.1441724031839295,
        "translation_error_m": 1.279990686351841
      },
      "translations": [
        {
          "index": 0,
          "x_translation": 0.15329989192697657,
          "y_translation": 0.08972646238321129,
          "z_translation": -0.46992777902568617,
          "correlation_height": 1.9344825749107504e+17,
          "persistence": 1.0,
          "level_potential": 1.0
        },
        {
          "index": 1,
          "x_translation": 1.094275240217707,
          "y_translation": -0.5431728439188926,
          "z_translation": -0.1641580533297868,
          "correlation_height": 1.4964982955878358e+17,
          "persistence": 0.732102418077221,
          "level_potential": 0.165015108590229
        },
        {
          "index": 2,
          "x_translation": -0.5490490136154044,
          "y_translation": 0.1429923840685106,
          "z_translation": 0.3164103688550371,
          "correlation_height": 1.5288726252394672e+17,
          "persistence": 0.3507984908604317,
          "level_potential": 0.03711034402328019
        },
        {
          "index": 3,
          "x_translation": 0.23641952101108207,
          "y_translation": -0.5203106113497084,
          "z_translation": -0.3068965126342776,
          "correlation_height": 1.152025650920583e+17,
          "persistence": 0.23692300278112327,
          "level_potential": 0.026338156911828708
        },
        {
