{
  "sample_index": 1,
  "N": 64,
  "voxel_size": 0.08904643110651524,
  "params": {
    "use_clahe": true,
    "r_min": 8,
    "r_max": 24,
    "set_r_manual": false,
    "level_potential_rotation": 0.01,
    "level_potential_translation": 0.1,
    "normalization": 0,
    "noise": "None"
  },
  "gt_transform": [
    [
      0.9817417860031128,
      0.11854294687509537,
      0.14870764315128326,
      0.2754460871219635
    ],
    [
      -0.02713758312165737,
      0.8612527251243591,
      -0.5074426531791687,
      -0.04662499576807022
    ],
    [
      -0.18822549283504486,
      0.4941423535346985,
      0.8487610816955566,
      -0.18313266336917877
    ],
    [
      0.0,
      0.0,
      0.0,
      1.0
    ]
  ],
  "gt_rpy_xyz": {
    "roll_deg": 30.20787708444939,
    "pitch_deg": 10.849403763855747,
    "yaw_deg": -1.5832130642231366,
    "x": 0.2754460871219635,
    "y": -0.04662499576807022,
    "z": -0.18313266336917877
  },
  "mean1": [
    0.2069502834701699,
    0.23276973042890817,
    2.441657252252102
  ],
  "mean2": [
    -0.1548143034005449,
    0.001608988203495745,
    1.4497599226201057
  ],
  "total_time_seconds": 138.56472253799438,
  "num_rotation_peaks": 22,
  "solutions": [
    {
      "rotation_index": 0,
      "rotation": {
        "w": 0.9688628080677198,
        "x": 0.21965148107375865,
        "y": 0.10388741352024679,
        "z": -0.04759717761916678,
        "correlation_height": 1.0,
        "persistence": Infinity,
        "level_potential": 1.0
      },
      "estimated_transform": [
        [
          0.9738838279895254,
          0.13786831881769634,
          0.18039572125427594,
          0.13569937932333334
        ],
        [
          -0.04659222183911945,
          0.8989754710895874,
          -0.4355137968461489,
          -0.10625099312182941
        ],
        [
          -0.2222148834901989,
          0.4157348061512728,
          0.8819212643483549,
          -0.22251739195275477
        ],
        [
          0.0,
          0.0,
          0.0,
          1.0
        ]
      ],
      "estimated_rpy_xyz": {
        "roll_deg": 25.239036920028962,
        "pitch_deg": 12.83915714565522,
        "yaw_deg": -2.739036920028902,
        "x": 0.13569937932333334,
        "y": -0.10625099312182941,
        "z": -0.22251739195275477
      },
      "error": {
        "rotation_error_deg": 5.255788296040918,
        "translation_error_m": 0.15695863919564043
      },
      "translations": [
        {
          "index": 0,
          "x_translation": 0.8665072056832187,
          "y_translation": -0.5193649992691807,
          "z_translation": 1.0662222639668901,
          "correlation_height": 8.51570280696268e+17,
          "persistence": 1.0,
          "level_potential": 1.0
        }
      ]
    },
    {
      "rotation_index": 1,
      "rotation": {
        "w": 0.5016111425679791,
        "x": 0.07381298467450147,
        "y": 0.20629347234394052,
        "z": 0.8368876317722519,
        "correlation_height": 0.9242636566450704,
        "persistence": 0.3506319590952638,
        "level_potential": 0.10502549790260125
      },
      "estimated_transform": [
        [
          -0.485875809890177,
          -0.809130048523433,
          0.3305045566100897,
          -1.0702430646079142
        ],
        [
          0.8700385961737249,
          -0.41165852983985296,
          0.271238079882131,
          -0.34576715622836296
        ],
        [
          -0.0834118608569495,
          0.41933974219784864,
          0.9039892931234433,
          -0.8037152001268286
        ],
        [
          0.0,
          0.0,
          0.0,
          1.0
        ]
      ],
      "estimated_rpy_xyz": {
        "roll_deg": 24.885495781499213,
        "pitch_deg": 4.784706862154707,
        "yaw_deg": 119.18131307988018,
        "x": -1.0702430646079142,
        "y": -0.34576715622836296,
        "z": -0.8037152001268286
      },
      "error": {
        "rotation_error_deg": 121.64760871212621,
        "translation_error_m": 1.5117930895843439
      },
      "translations": [
        {
          "index": 0,
          "x_translation": 0.5374708745559905,
          "y_translation": 0.17149932430066353,
          "z_translation": 0.0077648537253159275,
          "correlation_height": 3.027842876275088e+17,
          "persistence": 1.0,
          "level_potential": 1.0
        }
      ]
    },
    {
      "rotation_index": 2,
      "rotation": {
        "w": 0.08960822591544582,
        "x": 0.03972059474216262,
        "y": -0.4032899663143378,
        "z": 0.9098075858508741,
        "correlation_height": 0.9181760283073949,
        "persistence": 0.3275236631139943,
        "level_potential": 0.09043515042566036
      },
      "estimated_transform": [
        [
          -0.9807852804032304,
          -0.19509032201612744,
          3.608224830031759e-16,
          -0.594894610787276
        ],
        [
          0.13101465275391852,
          -0.6586551378369334,
          -0.7409511253549591,
          1.5175162145182548
        ],
        [
          0.14455239364371122,
          -0.7267139572463529,
          0.6715589548470184,
          0.5434108144760372
        ],
        [
          0.0,
          0.0,
          0.0,
          1.0
        ]
      ],
      "estimated_rpy_xyz": {
        "roll_deg": -47.25886619343344,
        "pitch_deg": -8.311360161779026,
        "yaw_deg": 172.39139321642617,
        "x": -0.594894610787276,
        "y": 1.5175162145182548,
        "z": 0.5434108144760372
      },
      "error": {
        "rotation_error_deg": 176.9528463036631,
        "translation_error_m": 1.931822088842446
      },
      "translations": [
        {
          "index": 0,
          "x_translation": 0.7061656969541209,
          "y_translation": -0.0211783967603308,
          "z_translation": 0.7097772271887087,
          "correlation_height": 4.248780223499734e+17,
          "persistence": 1.0,
          "level_potential": 1.0
        }
      ]
    },
    {
      "rotation_index": 3,
      "rotation": {
        "w": 0.8266583052662536,
        "x": -0.17911334065420906,
        "y": 0.1976211177975503,
        "z": -0.4954799202131826,
        "correlation_height": 0.8627732729056352,
        "persistence": 0.25561905884019986,
        "level_potential": 0.04863846148259457
      },
      "estimated_transform": [
        [
          0.43089108493197015,
          0.7483920250886994,
          0.5042244041196191,
          -1.2324989035229563
        ],
        [
          -0.8899783394588522,
          0.4448361197304551,
          0.10029646991403088,
          -0.6534576204109606
        ],
        [
          -0.14923614917376288,
          -0.4919656526291114,
          0.8577286100002721,
          -0.477003221250482
        ],
        [
          0.0,
          0.0,
          0.0,
          1.0
        ]
      ],
      "estimated_rpy_xyz": {
        "roll_deg": -29.837201221017057,
        "pitch_deg": 8.582662891204347,
        "yaw_deg": -64.16563411083855,
        "x": -1.2324989035229563,
        "y": -0.6534576204109606,
        "z": -0.477003221250482
      },
      "error": {
        "rotation_error_deg": 76.81791300898864,
        "translation_error_m": 1.6518342480512396
      },
      "translations": [
        {
          "index": 0,
          "x_translation": 0.6131234014397628,
          "y_translation": 0.08274316933135997,
          "z_translation": 0.1799216353320296,
          "correlation_height": 6.106444527951288e+17,
          "persistence": 1.0,
          "level_potential": 1.0
        }
      ]
    },
    {
      "rotation_index": 4,
      "rotation": {
        "w": 0.8650638176598702,
        "x": -0.24898547272584765,
        "y": -0.1492361491737628,
        "z": 0.4091447146511901,
        "correlation_height": 0.8711729179442804,
        "persistence": 0.25437616173336763,
        "level_potential": 0.04910905217745027
      },
      "estimated_transform": [
        [
          0.6206583485055652,
          -0.6335573113634045,
          -0.4619397662556435,
          0.9086676086967462
        ],
        [
          0.7821878439626624,
          0.5412136736889648,
          0.30865828381745525,
          -0.5178418297057419
        ],
        [
          0.05445540549280903,
          -0.5528950104948217,
          0.8314696123025451,
          -0.1687612724349732
        ],
        [
          0.0,
          0.0,
          0.0,
          1.0
        ]
      ],
      "estimated_rpy_xyz": {
        "roll_deg": -33.622363710935815,
        "pitch_deg": -3.1216090032795236,
        "yaw_deg": 51.56834616210861,
        "x": 0.9086676086967462,
        "y": -0.5178418297057419,
        "z": -0.1687612724349732
      },
      "error": {
        "rotation_error_deg": 84.94958930559797,
        "translation_error_m": 0.7894463437481748
      },
      "translations": [
        {
          "index": 0,
          "x_translation": 0.3725638674175174,
          "y_translation": 0.17273139718160915,
          "z_translation": 0.4443086778214374,
          "correlation_height": 3.3434887243231904e+17,
          "persistence": 1.0,
          "level_potential": 1.0
        }
      ]
    },
    {
      "rotation_index": 5,
      "rotation": {
        "w": 0.2624142401958283,
        "x": 0.7686216848377272,
        "y": -0.5700486924364325,
        "z": -0.12411269230491084,
        "correlation_height": 0.8521175494705503,
        "persistence": 0.24195929616128908,
        "level_potential": 0.042509269756341936
      },
      "estimated_transform": [
        [
          0.3192810557206801,
          -0.8111656971403646,
          -0.4899692023389577,
          1.2126248341806787
        ],
        [
          -0.9414414485397719,
          -0.2123665095879197,
          -0.2618939949230998,
          0.42883535863480726
        ],
        [
          0.10838637566236975,
          0.5448951067758185,
          -0.8314696123025458,
          2.576416412872481
        ],
        [
          0.0,
          0.0,
          0.0,
          1.0
        ]
      ],
      "estimated_rpy_xyz": {
        "roll_deg": 146.7615803643492,
        "pitch_deg": -6.222305545500509,
        "yaw_deg": -71.26611393571196,
        "x": 1.2126248341806787,
        "y": 0.42883535863480726,
        "z": 2.576416412872481
      },
      "error": {
        "rotation_error_deg": 131.94709437375263,
        "translation_error_m": 2.952877751504466
      },
      "translations": [
        {
          "index": 0,
          "x_translation": 0.3634532955125776,
          "y_translation": -0.35326895544086045,
          "z_translation": 0.7229855327273175,
          "correlation_height": 2.8625575292833098e+17,
          "persistence": 1.0,
          "level_potential": 1.0
        }
      ]
    },
    {
      "rotation_index": 6,
      "rotation": {
        "w": 0.5466009335008789,
        "x": 0.6070765223338176,
        "y": 0.18415464974584225,
        "z": -0.5466009335008787,
        "correlation_height": 0.8170866687498642,
        "persistence": 0.2056430243376851,
        "level_potential": 0.028233467159553872
      },
      "estimated_transform": [
        [
          0.3346289689459083,
          0.8211370896866805,
          -0.4623389807090539,
          0.5351394487820169
        ],
        [
          -0.3739532323294479,
          -0.3346289689459083,
          -0.8649753945474732,
          1.8793240942312803
        ],
        [
          -0.864975394547473,
          0.4623389807090543,
          0.19509032201612808,
          0.3192759316839848
        ],
        [
          0.0,
          0.0,
          0.0,
          1.0
        ]
      ],
      "estimated_rpy_xyz": {
        "roll_deg": 67.12201486865102,
        "pitch_deg": 59.87989575076809,
        "yaw_deg": -48.17649164966254,
        "x": 0.5351394487820169,
        "y": 1.8793240942312803,
        "z": 0.3192759316839848
      },
      "error": {
        "rotation_error_deg": 87.85545487693422,
        "translation_error_m": 2.007284665598415
      },
      "translations": [
        {
          "index": 0,
          "x_translation": 0.7134919989800327,
          "y_translation": -0.3516883394670413,
          "z_translation": 0.2779408872216911,
          "correlation_height": 3.991683239757093e+17,
          "persistence": 1.0,
          "level_potential": 1.0
        }
      ]
    },
    {
      "rotation_index": 7,
      "rotation": {
        "w": 0.15669801596233854,
        "x": 0.8866193923375945,
        "y": 0.4193397421978487,
        "z": 0.11621516913821253,
        "correlation_height": 0.8161442186570436,
        "persistence": 0.19811216644269358,
        "level_potential": 0.02614304145130998
      },
      "estimated_transform": [
        [
          0.6212964301512369,
          0.7071681219635493,
          0.33749665651658833,
          -1.9549885201643546
        ],
        [
          0.7800108676782913,
          -0.5991998248138173,
          -0.18039572125427572,
          0.1474530645684125
        ],
        [
          0.07465783405034268,
          0.3753302775178654,
          -0.923879532511287,
          3.981616586575064
        ],
        [
          0.0,
          0.0,
          0.0,
          1.0
        ]
      ],
      "estimated_rpy_xyz": {
        "roll_deg": 157.89032715719088,
        "pitch_deg": -4.281562521329419,
        "yaw_deg": 51.46187945423251,
        "x": -1.9549885201643546,
        "y": 0.1474530645684125,
        "z": 3.981616586575064
      },
      "error": {
        "rotation_error_deg": 131.0885755293485,
        "translation_error_m": 4.72840550994188
      },
      "translations": [
        {
          "index": 0,
          "x_translation": -0.6087086318475431,
          "y_translation": -0.1773633703374782,
          "z_translation": -0.5313357254798565,
          "correlation_height": 5.501831339953201e+17,
          "persistence": 1.0,
          "level_potential": 1.0
        }
      ]
    },
    {
      "rotation_index": 8,
      "rotation": {
        "w": 0.19994696931034167,
        "x": -0.3570408866299896,
        "y": 0.8619729508238355,
        "z": -0.29924178649735705,
        "correlation_height": 0.8182464188130232,
        "persistence": 0.19603657751062042,
        "level_potential": 0.025730157822201928
      },
      "estimated_transform": [
        [
          -0.6650860294761605,
          -0.4958541966241036,
          0.558380863824953,
          -1.3693732311443372
        ],
        [
          -0.735184149828739,
          0.5659523169766821,
          -0.37309816503075866,
          1.803588728140266
        ],
        [
          -0.13101465275391933,
          -0.6586551378369335,
          -0.740951125354959,
          3.8598688516712683
        ],
        [
          0.0,
          0.0,
          0.0,
          1.0
        ]
      ],
      "estimated_rpy_xyz": {
        "roll_deg": -138.3650820588452,
        "pitch_deg": 7.52822914008416,
        "yaw_deg": -132.13414131796233,
        "x": -1.3693732311443372,
        "y": 1.803588728140266,
        "z": 3.8598688516712683
      },
      "error": {
        "rotation_error_deg": 158.5668407977712,
        "translation_error_m": 4.740759023877693
      },
      "translations": [
        {
          "index": 0,
          "x_translation": -0.6258100692646738,
          "y_translation": 0.26741785189397566,
          "z_translation": -0.6946174685892921,
          "correlation_height": 4.981601073214019e+17,
          "persistence": 1.0,
          "level_potential": 1.0
        }
      ]
    },
    {
      "rotation_index": 9,
      "rotation": {
        "w": 0.25699448587636936,
        "x": -0.550354394951768,
        "y": -0.7420669986938829,
        "z": 0.28354971986561167,
        "correlation_height": 0.8126208973322715,
        "persistence": 0.1955803426182896,
        "level_potential": 0.02525959471190582
      },
      "estimated_transform": [
        [
          -0.26212774837282815,
          0.6710582392051898,
          -0.6935199226610738,
          1.2273176775084564
        ],
        [
          0.9625410971141954,
          0.23341919264281308,
          -0.13794968964147158,
          0.12515443458370945
        ],
        [
          0.06930858459954575,
          -0.7037018687631913,
          -0.7071067811865477,
          3.2788832030345
        ],
        [
          0.0,
          0.0,
          0.0,
          1.0
        ]
      ],
      "estimated_rpy_xyz": {
        "roll_deg": -135.13828007979805,
        "pitch_deg": -3.9742755809028387,
        "yaw_deg": 105.23387113346045,
        "x": 1.2273176775084564,
        "y": 0.12515443458370945,
        "z": 3.2788832030345
      },
      "error": {
        "rotation_error_deg": 176.8326683106006,
        "translation_error_m": 3.594593457691877
      },
      "translations": [
        {
          "index": 0,
          "x_translation": 0.09034665448629024,
          "y_translation": -0.0980588083902184,
          "z_translation": 0.17269265655272661,
          "correlation_height": 6.737057165644943e+17,
          "persistence": 1.0,
          "level_potential": 1.0
        }
      ]
    },
    {
      "rotation_index": 10,
      "rotation": {
        "w": 0.4875787950866461,
        "x": 0.14129359663224322,
        "y": 0.7103308783337762,
        "z": -0.4875787950866459,
        "correlation_height": 0.8554861576122913,
        "persistence": 0.18888695585637372,
        "level_potential": 0.026111385008361444
      },
      "estimated_transform": [
        [
          -0.4846060762651587,
          0.6761965720337303,
          0.5549010243428277,
          -1.8399690383693992
        ],
        [
          -0.27473575363885183,
          0.48460607626515895,
          -0.8304680707404584,
          1.5140205939576241
        ],
        [
          -0.8304680707404587,
          -0.5549010243428274,
          -0.0490676743274181,
          1.115021047104777
        ],
        [
          0.0,
          0.0,
          0.0,
          1.0
        ]
      ],
      "estimated_rpy_xyz": {
        "roll_deg": -95.05329274430285,
        "pitch_deg": 56.1468502453857,
        "yaw_deg": -150.4499746154258,
        "x": -1.8399690383693992,
        "y": 1.5140205939576241,
        "z": 1.115021047104777
      },
      "error": {
        "rotation_error_deg": 108.25147531624275,
        "translation_error_m": 2.931878214504304
      },
      "translations": [
        {
          "index": 0,
          "x_translation": 0.8860629133151189,
          "y_translation": 0.011944674169778603,
          "z_translation": 0.26697847337412106,
          "correlation_height": 3.735225404363876e+17,
          "persistence": 1.0,
          "level_potential": 1.0
        }
      ]
    },
    {
      "rotation_index": 11,
      "rotation": {
        "w": 0.5330220490991885,
        "x": 0.07098862796292885,
        "y": -0.7207596352901915,
        "z": 0.4374398907397373,
        "correlation_height": 0.8048235733132807,
        "persistence": 0.1853924661178129,
        "level_potential": 0.02226309501830006
      },
      "estimated_transform": [
        [
          -0.42169621974808624,
          -0.5686616890402633,
          -0.7062550401009884,
          1.1707778173815082
        ],
        [
          0.3639987386390165,
          0.607213913379095,
          -0.7062550401009892,
          1.3502687291264708
        ],
        [
          0.8304680707404581,
          -0.554901024342828,
          -0.049067674327417876,
          1.8209271533969096
        ],
        [
          0.0,
          0.0,
          0.0,
          1.0
        ]
      ],
      "estimated_rpy_xyz": {
        "roll_deg": -95.05329274430281,
        "pitch_deg": -56.14685024538566,
        "yaw_deg": 139.19997461542582,
        "x": 1.1707778173815082,
        "y": 1.3502687291264708,
        "z": 1.8209271533969096
      },
      "error": {
        "rotation_error_deg": 126.41032709531964,
        "translation_error_m": 2.601779887086982
      },
      "translations": [
        {
          "index": 0,
          "x_translation": 0.44710607582300593,
          "y_translation": 0.09192015858865797,
          "z_translation": 0.534741083622708,
          "correlation_height": 4.011798885694973e+17,
          "persistence": 1.0,
          "level_potential": 1.0
        }
      ]
    },
    {
      "rotation_index": 12,
      "rotation": {
        "w": 0.011922472335510824,
        "x": -0.1423331460177646,
        "y": -0.9595321295917418,
        "z": -0.2426874996352954,
        "correlation_height": 0.8524618107426016,
        "persistence": 0.18327840321301136,
        "level_potential": 0.02441026248318352
      },
      "estimated_transform": [
        [
          -0.9591982603961895,
          0.2789333234209882,
          0.04620496010437072,
          -0.4119628320230344
        ],
        [
          0.2673595834186838,
          0.8416881061309084,
          0.4691268326923462,
          -1.10198068670886
        ],
        [
          0.09196494118473603,
          0.46233898070905405,
          -0.8819212643483552,
          3.5038392993568017
        ],
        [
          0.0,
          0.0,
          0.0,
          1.0
        ]
      ],
      "estimated_rpy_xyz": {
        "roll_deg": 152.33464450444566,
        "pitch_deg": -5.276658829192965,
        "yaw_deg": 164.42512648744068,
        "x": -0.4119628320230344,
        "y": -1.10198068670886,
        "z": 3.5038392993568017
      },
      "error": {
        "rotation_error_deg": 168.45549608623384,
        "translation_error_m": 3.8961584089038315
      },
      "translations": [
        {
          "index": 0,
          "x_translation": 0.34745471810894296,
          "y_translation": 0.18184509864074747,
          "z_translation": 0.10051590495908573,
          "correlation_height": 5.78377083591375e+17,
          "persistence": 1.0,
          "level_potential": 1.0
        }
      ]
    },
    {
      "rotation_index": 13,
      "rotation": {
        "w": 0.5016111425679791,
        "x": 0.17598376625074733,
        "y": -0.13051845637487697,
        "z": -0.8368876317722519,
        "correlation_height": 0.7999311034383327,
        "persistence": 0.17741014626696616,
        "level_potential": 0.020140120988123622
      },
      "estimated_transform": [
        [
          -0.43483195133569796,
          0.7936460633124095,
          -0.4254962987927209,
          0.7195041173742425
        ],
        [
          -0.8855225813847484,
          -0.462702388394332,
          0.04190772759137448,
          -0.4460541851639037
        ],
        [
          -0.16361825067907698,
          0.39500939984118855,
          0.9039892931234433,
          -0.529345155090484
        ],
        [
          0.0,
          0.0,
          0.0,
          1.0
        ]
      ],
      "estimated_rpy_xyz": {
        "roll_deg": 23.60352262691605,
        "pitch_deg": 9.41697524567677,
        "yaw_deg": -116.15314259926798,
        "x": 0.7195041173742425,
        "y": -0.4460541851639037,
        "z": -0.529345155090484
      },
      "error": {
        "rotation_error_deg": 113.53355749750902,
        "translation_error_m": 0.6903624636350718
      },
      "translations": [
        {
          "index": 0,
          "x_translation": 0.5470022580721965,
          "y_translation": 0.35203881370251355,
          "z_translation": 0.2617876537073485,
          "correlation_height": 3.7406665881902234e+17,
          "persistence": 1.0,
          "level_potential": 1.0
        }
      ]
    },
    {
      "rotation_index": 14,
      "rotation": {
        "w": 0.18782621902518146,
        "x": -0.42603249087490536,
        "y": 0.47005441781868157,
        "z": 0.7498442988079385,
        "correlation_height": 0.8070676653060872,
        "persistence": 0.17049331319780436,
        "level_potential": 0.018933660992210156
      },
      "estimated_transform": [
        [
          -0.5664352563312565,
          -0.6821977479454594,
          -0.4623389807090539,
          0.9817454971580832
        ],
        [
          -0.11883606993472584,
          -0.48754031147168986,
          0.8649753945474729,
          -2.4282737473625366
        ],
        [
          -0.815493156848917,
          0.5448951067758186,
          0.19509032201612841,
          1.0595823097312227
        ],
        [
          0.0,
          0.0,
          0.0,
          1.0
        ]
      ],
      "estimated_rpy_xyz": {
        "roll_deg": 70.30096670666364,
        "pitch_deg": 54.63615333997435,
        "yaw_deg": -168.15139478466347,
        "x": 0.9817454971580832,
        "y": -2.4282737473625366,
        "z": 1.0595823097312227
      },
      "error": {
        "rotation_error_deg": 170.5710175923754,
        "translation_error_m": 2.7776657901864157
      },
      "translations": [
        {
          "index": 0,
          "x_translation": 0.17010762946837912,
          "y_translation": 0.42947110778339526,
          "z_translation": -0.2617273014953579,
          "correlation_height": 4.751888440963649e+17,
          "persistence": 1.0,
          "level_potential": 1.0
        }
      ]
    },
    {
      "rotation_index": 15,
      "rotation": {
        "w": 0.6976381346686421,
        "x": 0.16317551566437638,
        "y": 0.6514331745642714,
        "z": 0.24961891599163283,
        "correlation_height": 0.91679188389872,
        "persistence": 0.16728538681947724,
        "level_potential": 0.023521094660654822
      },
      "estimated_transform": [
        [
          0.02665043171255499,
          -0.13569146150000902,
          0.9903926402016154,
          -1.7700930598544196
        ],
        [
          0.560883238221636,
          0.822128295733654,
          0.09754516100806446,
          -0.3469235781253944
        ],
        [
          -0.8274658588555461,
          0.5528950104948219,
          0.09801714032956033,
          0.34328812684763
        ],
        [
          0.0,
          0.0,
          0.0,
          1.0
        ]
      ],
      "estimated_rpy_xyz": {
        "roll_deg": 79.94705992695918,
        "pitch_deg": 55.839293683093715,
        "yaw_deg": 87.27963044824037,
        "x": -1.7700930598544196,
        "y": -0.3469235781253944,
        "z": 0.34328812684763
      },
      "error": {
        "rotation_error_deg": 81.00032206284983,
        "translation_error_m": 2.1334519163373953
      },
      "translations": [
        {
          "index": 0,
          "x_translation": 0.8839839676346197,
          "y_translation": -0.4463519542774433,
          "z_translation": 0.6994461934101309,
          "correlation_height": 3.5265084389073414e+17,
          "persistence": 1.0,
          "level_potential": 1.0
        }
      ]
    },
    {
      "rotation_index": 16,
      "rotation": {
        "w": 0.7397248827654446,
        "x": -0.4485837931713182,
        "y": -0.4485837931713181,
        "z": -0.22439308996872753,
        "correlation_height": 0.8005087942555366,
        "persistence": 0.1624400614404754,
        "level_potential": 0.016909022611784612
      },
      "estimated_transform": [
        [
          0.49684064335663736,
          0.7344331433329215,
          -0.4623389807090541,
          0.7725125986182205
        ],
        [
          0.07047653465095016,
          0.49684064335663713,
          0.8649753945474729,
          -2.6516139408430526
        ],
        [
          0.8649753945474727,
          -0.4623389807090542,
          0.1950903220161283,
          0.19594064768155062
        ],
        [
          0.0,
          0.0,
          0.0,
          1.0
        ]
      ],
      "estimated_rpy_xyz": {
        "roll_deg": -67.12201486865104,
        "pitch_deg": -59.87989575076807,
        "yaw_deg": 8.073508350337494,
        "x": 0.7725125986182205,
        "y": -2.6516139408430526,
        "z": 0.19594064768155062
      },
      "error": {
        "rotation_error_deg": 111.48555565432842,
        "translation_error_m": 2.6789492120356524
      },
      "translations": [
        {
          "index": 0,
          "x_translation": -0.6038288016557568,
          "y_translation": 0.17528988050811875,
          "z_translation": -0.5266626783835695,
          "correlation_height": 2.2478597719296413e+17,
          "persistence": 1.0,
          "level_potential": 1.0
        }
      ]
    },
    {
      "rotation_index": 17,
      "rotation": {
        "w": 0.20242315132877203,
        "x": -0.9569542871998674,
        "y": 0.19035004274103887,
        "z": -0.08384641461867874,
        "correlation_height": 0.8575282646922867,
        "persistence": 0.1493532319600046,
        "level_potential": 0.016403107732005297
      },
      "estimated_transform": [
        [
          0.9134732799681546,
          -0.33036766798996675,
          0.23753688288577957,
          0.11856413381300038
        ],
        [
          -0.39825748988889387,
          -0.8455834580692274,
          0.35549906777245516,
          -1.039541538035201
        ],
        [
          0.08341186085694945,
          -0.4193397421978486,
          -0.9039892931234434,
          3.710566379251791
        ],
        [
          0.0,
          0.0,
          0.0,
          1.0
        ]
      ],
      "estimated_rpy_xyz": {
        "roll_deg": -155.1145042185008,
        "pitch_deg": -4.784706862154711,
        "yaw_deg": -23.556313079880177,
        "x": 0.11856413381300038,
        "y": -1.039541538035201,
        "z": 3.710566379251791
      },
      "error": {
        "rotation_error_deg": 175.9787713179456,
        "translation_error_m": 4.021359191991605
      },
      "translations": [
        {
          "index": 0,
          "x_translation": 1.0598982499455745,
          "y_translation": 0.07478799931227861,
          "z_translation": 0.09272184196794199,
          "correlation_height": 3.5033852641720365e+17,
          "persistence": 1.0,
          "level_potential": 1.0
        },
        {
          "index": 1,
          "x_translation": -1.0609460242042434,
          "y_translation": 0.014354485426789002,
          "z_translation": -0.34649128699830256,
          "correlation_height": 2.726481347482356e+17,
          "persistence": 0.5221653043872583,
          "level_potential": 0.1384478498965629
        }
      ]
    },
    {
      "rotation_index": 18,
      "rotation": {
        "w": 0.7025423054979045,
        "x": -0.5109158426008013,
        "y": 0.4630671275482684,
        "z": 0.1759776865099617,
        "correlation_height": 0.7560447733197383,
        "persistence": 0.14922284498992722,
        "level_potential": 0.012728161061278975
      },
      "estimated_transform": [
        [
          0.509201378469595,
          -0.7204402024979042,
          0.4708289188117517,
          -0.6127575874224246
        ],
        [
          -0.22591312411032038,
          0.4159937112602301,
          0.8808589515618577,
          -1.6011024891830603
        ],
        [
          -0.8304680707404585,
          -0.5549010243428274,
          0.04906767432741854,
          0.7933168205999981
        ],
        [
          0.0,
          0.0,
          0.0,
          1.0
        ]
      ],
      "estimated_rpy_xyz": {
        "roll_deg": -84.9467072556971,
        "pitch_deg": 56.14685024538569,
        "yaw_deg": -23.925025384574145,
        "x": -0.6127575874224246,
        "y": -1.6011024891830603,
        "z": 0.7933168205999981
      },
      "error": {
        "rotation_error_deg": 109.70317954433312,
        "translation_error_m": 2.0393134199822143
      },
      "translations": [
        {
          "index": 0,
          "x_translation": 0.8809935253747202,
          "y_translation": 0.26023353687852735,
          "z_translation": 0.7820714229876964,
          "correlation_height": 3.93930219400698e+17,
          "persistence": 1.0,
          "level_potential": 1.0
        }
      ]
    },
    {
      "rotation_index": 19,
      "rotation": {
        "w": 4.918227662394094e-17,
        "x": -0.4212230177547096,
        "y": -0.42122301775470966,
        "z": -0.8032075314806449,
        "correlation_height": 0.7734669275514816,
        "persistence": 0.1480220236678279,
        "level_potential": 0.01310799212431686
      },
      "estimated_transform": [
        [
          -0.6451423386272315,
          0.3548576613727689,
          0.6766590005871763,
          -1.6688501229750123
        ],
        [
          0.3548576613727688,
          -0.6451423386272312,
          0.6766590005871764,
          -1.0534977660505391
        ],
        [
          0.6766590005871763,
          0.6766590005871764,
          0.2902846772544623,
          1.1606556293000119
        ],
        [
          0.0,
          0.0,
          0.0,
          1.0
        ]
      ],
      "estimated_rpy_xyz": {
        "roll_deg": 66.78081313995949,
        "pitch_deg": -42.58311400820408,
        "yaw_deg": 151.18720335009036,
        "x": -1.6688501229750123,
        "y": -1.0534977660505391,
        "z": 1.1606556293000119
      },
      "error": {
        "rotation_error_deg": 166.64618726384623,
        "translation_error_m": 2.569037480902305
      },
      "translations": [
        {
          "index": 0,
          "x_translation": 0.6136811553792023,
          "y_translation": 0.18057153701750808,
          "z_translation": 0.619301259400039,
          "correlation_height": 3.6191455168537574e+17,
          "persistence": 1.0,
          "level_potential": 1.0
        }
      ]
    },
    {
      "rotation_index": 20,
      "rotation": {
        "w": 0.2243930899687278,
        "x": -0.5861029708014087,
        "y": 0.24277179945310565,
        "z": -0.7397248827654445,
        "correlation_height": 0.8356069430927532,
        "persistence": 0.14552243428117717,
        "level_potential": 0.014786452131538806
      },
      "estimated_transform": [
        [
          -0.21226209758409897,
          0.04739975856844797,
          0.976062531202203,
          -2.2901387871291834
        ],
        [
          -0.6165568501135241,
          -0.7814191891291751,
          -0.09613376846245086,
          0.48129600140660167
        ],
        [
          0.7581572742560002,
          -0.6222035950943674,
          0.1950903220161282,
          1.2025068822569545
        ],
        [
          0.0,
          0.0,
          0.0,
          1.0
        ]
      ],
      "estimated_rpy_xyz": {
        "roll_deg": -72.5913189792649,
        "pitch_deg": -49.30201546392509,
        "yaw_deg": -108.99705471920412,
        "x": -2.2901387871291834,
        "y": 0.48129600140660167,
        "z": 1.2025068822569545
      },
      "error": {
        "rotation_error_deg": 167.12247065558574,
        "translation_error_m": 2.963286248709096
      },
      "translations": [
        {
          "index": 0,
          "x_translation": 0.17698773237498702,
          "y_translation": -0.08943904084612642,
          "z_translation": 0.2630962362002641,
          "correlation_height": 8.480014402167775e+17,
          "persistence": 1.0,
          "level_potential": 1.0
        }
      ]
    },
    {
      "rotation_index": 21,
      "rotation": {
        "w": 0.5354275101391788,
        "x": 0.6406223099281951,
        "y": -0.12742770026404224,
        "z": 0.5354275101391789,
        "correlation_height": 0.7717216896514608,
        "persistence": 0.13420649806421026,
        "level_potential": 0.010726758456968842
      },
      "estimated_transform": [
        [
          0.39415912518315377,
          -0.7366312926116577,
          0.5495570241386504,
          -1.1774475703758
        ],
        [
          0.410099181843704,
          -0.3941591251831542,
          -0.8224702092392011,
          1.7989804117716361
        ],
        [
          0.8224702092392012,
          0.5495570241386503,
          0.1467304744553618,
          1.12077307719233
        ],
        [
          0.0,
          0.0,
          0.0,
          1.0
        ]
      ],
      "estimated_rpy_xyz": {
        "roll_deg": 75.05087541195557,
        "pitch_deg": -55.33284116163349,
        "yaw_deg": 46.13542925970747,
        "x": -1.1774475703758,
        "y": 1.7989804117716361,
        "z": 1.12077307719233
      },
      "error": {
        "rotation_error_deg": 98.93405989525941,
        "translation_error_m": 2.6865248612849735
      },
      "translations": [
        {
          "index": 0,
          "x_translation": 0.27038872025463356,
          "y_translation": 0.09682601605170392,
          "z_translation": 0.3531051105261554,
          "correlation_height": 6.292467400903028e+17,
          "persistence": 1.0,
          "level_potential": 1.0
        }
      ]
    }
  ]
}