{
  "sample_index": 0,
  "N": 64,
  "voxel_size": 0.07738478109583771,
  "params": {
    "use_clahe": true,
    "r_min": 8,
    "r_max": 24,
    "set_r_manual": false,
    "level_potential_rotation": 0.01,
    "level_potential_translation": 0.1,
    "normalization": 0,
    "noise": "None"
  },
  "gt_transform": [
    [
      0.9598614573478699,
      0.12125147134065628,
      -0.2529112696647644,
      0.25299209356307983
    ],
    [
      -0.13898976147174835,
      0.98885178565979,
      -0.05342257767915726,
      0.08939969539642334
    ],
    [
      0.24361421167850494,
      0.08643034845590591,
      0.9660134315490723,
      -0.07108396291732788
    ],
    [
      0.0,
      0.0,
      0.0,
      1.0
    ]
  ],
  "gt_rpy_xyz": {
    "roll_deg": 5.112706725139208,
    "pitch_deg": -14.09995198852688,
    "yaw_deg": -8.239270281480932,
    "x": 0.25299209356307983,
    "y": 0.08939969539642334,
    "z": -0.07108396291732788
  },
  "mean1": [
    0.03135197762797532,
    -0.4256206099018852,
    2.271630360311754
  ],
  "mean2": [
    -0.09534398083649119,
    -0.47555136141923604,
    2.222875356747419
  ],
  "total_time_seconds": 139.91492557525635,
  "num_rotation_peaks": 21,
  "solutions": [
    {
      "rotation_index": 0,
      "rotation": {
        "w": 0.9912840495338159,
        "x": 0.017961376450382188,
        "y": -0.12108576447599308,
        "z": -0.048698662580316625,
        "correlation_height": 1.0,
        "persistence": Infinity,
        "level_potential": 1.0
      },
      "estimated_transform": [
        [
          0.9659333558083056,
          0.09219868090192308,
          -0.24181016392379098,
          0.2615180651795952
        ],
        [
          -0.10089814889606559,
          0.9946116584377922,
          -0.023816222390880187,
          0.03634967497283037
        ],
        [
          0.23831138387885017,
          0.04740308154086449,
          0.970031253194544,
          -0.09993618152749617
        ],
        [
          0.0,
          0.0,
          0.0,
          1.0
        ]
      ],
      "estimated_rpy_xyz": {
        "roll_deg": 2.7976806126521545,
        "pitch_deg": -13.786898280914507,
        "yaw_deg": -5.963298239823057,
        "x": 0.2615180651795952,
        "y": 0.03634967497283037,
        "z": -0.09993618152749617
      },
      "error": {
        "rotation_error_deg": 2.8456036534966698,
        "translation_error_m": 0.06098727253981657
      },
      "translations": [
        {
          "index": 0,
          "x_translation": -0.22914536786908102,
          "y_translation": 0.006315914013790413,
          "z_translation": -0.08005384586597313,
          "correlation_height": 1.976373673282562e+18,
          "persistence": 1.0,
          "level_potential": 1.0
        }
      ]
    },
    {
      "rotation_index": 1,
      "rotation": {
        "w": 0.14644660940672624,
        "x": -0.0,
        "y": 0.9238795325112867,
        "z": 0.35355339059327384,
        "correlation_height": 0.9142063141764332,
        "persistence": 0.4520321823610526,
        "level_potential": 0.17077612065692163
      },
      "estimated_transform": [
        [
          -0.9571067811865475,
          -0.10355339059327379,
          0.2705980500730985,
          -0.8665091078761004
        ],
        [
          0.10355339059327379,
          0.7499999999999999,
          0.6532814824381884,
          -1.5806587307608164
        ],
        [
          -0.2705980500730985,
          0.6532814824381884,
          -0.7071067811865475,
          3.793521623188849
        ],
        [
          0.0,
          0.0,
          0.0,
          1.0
        ]
      ],
      "estimated_rpy_xyz": {
        "roll_deg": 137.26579039910018,
        "pitch_deg": 15.699857404959523,
        "yaw_deg": 173.82494993689522,
        "x": -0.8665091078761004,
        "y": -1.5806587307608164,
        "z": 3.793521623188849
      },
      "error": {
        "rotation_error_deg": 179.34671184226892,
        "translation_error_m": 4.356323444049345
      },
      "translations": [
        {
          "index": 0,
          "x_translation": 0.22998791801359345,
          "y_translation": -0.14852025196896249,
          "z_translation": 0.2303937743075602,
          "correlation_height": 2.558399960927107e+17,
          "persistence": 1.0,
          "level_potential": 1.0
        }
      ]
    },
    {
      "rotation_index": 2,
      "rotation": {
        "w": 1.6606013914306548e-16,
        "x": 0.20154807585636952,
        "y": 0.3770699285766134,
        "z": -0.9039892931234433,
        "correlation_height": 0.8835572756156259,
        "persistence": 0.400086510175615,
        "level_potential": 0.12496178828794664
      },
      "estimated_transform": [
        [
          -0.9187567462371902,
          0.15199543713583055,
          -0.36439460524757916,
          0.5920538332473287
        ],
        [
          0.15199543713582994,
          -0.7156365379264553,
          -0.6817343563841601,
          0.7430890383046221
        ],
        [
          -0.3643946052475794,
          -0.6817343563841599,
          0.6343932841636455,
          0.2466192420801463
        ],
        [
          0.0,
          0.0,
          0.0,
          1.0
        ]
      ],
      "estimated_rpy_xyz": {
        "roll_deg": -47.060039344247656,
        "pitch_deg": 21.370330430638003,
        "yaw_deg": 170.6062979684205,
        "x": 0.5920538332473287,
        "y": 0.7430890383046221,
        "z": 0.2466192420801463
      },
      "error": {
        "rotation_error_deg": 177.79273868255441,
        "translation_error_m": 0.802002461744372
      },
      "translations": [
        {
          "index": 0,
          "x_translation": 0.30516544562947406,
          "y_translation": 0.1540388150832598,
          "z_translation": -0.0633663303011058,
          "correlation_height": 3.126554237573323e+17,
          "persistence": 1.0,
          "level_potential": 1.0
        }
      ]
    },
    {
      "rotation_index": 3,
      "rotation": {
        "w": 0.016757195441625166,
        "x": -0.9805332612370652,
        "y": 0.09657409693761568,
        "z": -0.17013866053728308,
        "correlation_height": 0.8795237672523498,
        "persistence": 0.35216242357817684,
        "level_potential": 0.09593590741919127
      },
      "estimated_transform": [
        [
          0.9234525599825264,
          -0.18368613486893032,
          0.3368898533922203,
          -1.0911474715774983
        ],
        [
          -0.19509032201612858,
          -0.9807852804032302,
          -1.1796119636642288e-16,
          -0.5399142104535793
        ],
        [
          0.330416609324292,
          -0.0657239499822545,
          -0.9415440651830205,
          3.9411967462420425
        ],
        [
          0.0,
          0.0,
          0.0,
          1.0
        ]
      ],
      "estimated_rpy_xyz": {
        "roll_deg": -176.0069777149254,
        "pitch_deg": -19.294063924327034,
        "yaw_deg": -11.929008026343245,
        "x": -1.0911474715774983,
        "y": -0.5399142104535793,
        "z": 3.9411967462420425
      },
      "error": {
        "rotation_error_deg": 177.8220654120902,
        "translation_error_m": 4.277983532765789
      },
      "translations": [
        {
          "index": 0,
          "x_translation": -0.3079068089461385,
          "y_translation": -0.2925140497175645,
          "z_translation": 0.3182789619528498,
          "correlation_height": 4.3207746349194816e+17,
          "persistence": 1.0,
          "level_potential": 1.0
        }
      ]
    },
    {
      "rotation_index": 4,
      "rotation": {
        "w": 0.5922621225431424,
        "x": 0.0,
        "y": -0.7409511253549592,
        "z": -0.316570699901162,
        "correlation_height": 0.8039371654661526,
        "persistence": 0.30476021890972005,
        "level_potential": 0.06002895266826002
      },
      "estimated_transform": [
        [
          -0.2984511564013841,
          0.3749856693168607,
          -0.8776745724069162,
          1.8714702607783547
        ],
        [
          -0.3749856693168607,
          0.7995659839281769,
          0.4691268326923461,
          -1.1013064820502385
        ],
        [
          0.8776745724069162,
          0.4691268326923461,
          -0.09801714032956088,
          2.420712362100367
        ],
        [
          0.0,
          0.0,
          0.0,
          1.0
        ]
      ],
      "estimated_rpy_xyz": {
        "roll_deg": 101.8013386283858,
        "pitch_deg": -61.363108282167246,
        "yaw_deg": -128.51628787000337,
        "x": 1.8714702607783547,
        "y": -1.1013064820502385,
        "z": 2.420712362100367
      },
      "error": {
        "rotation_error_deg": 91.19315694784498,
        "translation_error_m": 3.2009844078516205
      },
      "translations": [
        {
          "index": 0,
          "x_translation": -0.14736029539100348,
          "y_translation": -0.09561531610286407,
          "z_translation": 0.23245757649991286,
          "correlation_height": 3.094929936496241e+17,
          "persistence": 1.0,
          "level_potential": 1.0
        }
      ]
    },
    {
      "rotation_index": 5,
      "rotation": {
        "w": 0.8195343626650519,
        "x": 0.026251088978563857,
        "y": 0.5343531918238146,
        "z": 0.20528267127628788,
        "correlation_height": 0.8178210612889043,
        "persistence": 0.29676559556996884,
        "level_potential": 0.05890385030974854
      },
      "estimated_transform": [
        [
          0.3446513825227463,
          -0.30841769997209073,
          0.8866193923375945,
          -1.4156974010938763
        ],
        [
          0.364527112710277,
          0.9143398104022221,
          0.17635956229458485,
          -0.09275122785999007
        ],
        [
          -0.86506381765987,
          0.26241424019582843,
          0.4275550934302823,
          0.38759658377824824
        ],
        [
          0.0,
          0.0,
          0.0,
          1.0
        ]
      ],
      "estimated_rpy_xyz": {
        "roll_deg": 31.539745562784603,
        "pitch_deg": 59.88999319327572,
        "yaw_deg": 46.60537500164965,
        "x": -1.4156974010938763,
        "y": -0.09275122785999007,
        "z": 0.38759658377824824
      },
      "error": {
        "rotation_error_deg": 86.03748709397937,
        "translation_error_m": 1.7401411790180579
      },
      "translations": [
        {
          "index": 0,
          "x_translation": 1.3034646351639236,
          "y_translation": -0.1499941280915503,
          "z_translation": 0.3838070899256564,
          "correlation_height": 3.3273778722344454e+17,
          "persistence": 1.0,
          "level_potential": 1.0
        }
      ]
    },
    {
      "rotation_index": 6,
      "rotation": {
        "w": 0.6222035950943672,
        "x": -0.12376399009235475,
        "y": 0.15080685826836965,
        "z": 0.7581572742560004,
        "correlation_height": 0.7767141585578172,
        "persistence": 0.2890904127181267,
        "level_potential": 0.05041848853072304
      },
      "estimated_transform": [
        [
          -0.19509032201612864,
          -0.9807852804032304,
          -8.326672684688674e-17,
          -0.022576235603876935
        ],
        [
          0.9061274463528879,
          -0.18023995550173733,
          0.3826834323650897,
          -1.7805519587948724
        ],
        [
          -0.3753302775178652,
          0.07465783405034268,
          0.9238795325112867,
          -0.44211233669764827
        ],
        [
          0.0,
          0.0,
          0.0,
          1.0
        ]
      ],
      "estimated_rpy_xyz": {
        "roll_deg": 4.619979065659826,
        "pitch_deg": 22.044727470884617,
        "yaw_deg": 102.15037388219228,
        "x": -0.022576235603876935,
        "y": -1.7805519587948724,
        "z": -0.44211233669764827
      },
      "error": {
        "rotation_error_deg": 114.30857048798725,
        "translation_error_m": 1.9262188924892143
      },
      "translations": [
        {
          "index": 0,
          "x_translation": -0.16509059344838872,
          "y_translation": -0.4607391026768676,
          "z_translation": -0.6898993318988083,
          "correlation_height": 2.3652785994450378e+17,
          "persistence": 1.0,
          "level_potential": 1.0
        }
      ]
    },
    {
      "rotation_index": 7,
      "rotation": {
        "w": 0.025225826022904713,
        "x": -0.8320235584593783,
        "y": -0.20841105196604268,
        "z": 0.5134834849227998,
        "correlation_height": 0.8691742806804705,
        "persistence": 0.28074196041228217,
        "level_potential": 0.05954268163856431
      },
      "estimated_transform": [
        [
          0.3857990882598885,
          0.32089972004550377,
          -0.8649753945474727,
          2.1469126177316764
        ],
        [
          0.3727119002706932,
          -0.9118569822397393,
          -0.1720543034545919,
          -0.44551842944073766
        ],
        [
          -0.843946030794889,
          -0.25600822958520936,
          -0.4713967368259979,
          2.7541633611297294
        ],
        [
          0.0,
          0.0,
          0.0,
          1.0
        ]
      ],
      "estimated_rpy_xyz": {
        "roll_deg": -151.49430376823867,
        "pitch_deg": 57.55918702858418,
        "yaw_deg": 44.01152883134021,
        "x": 2.1469126177316764,
        "y": -0.44551842944073766,
        "z": 2.7541633611297294
      },
      "error": {
        "rotation_error_deg": 178.61701164435559,
        "translation_error_m": 3.443122727895089
      },
      "translations": [
        {
          "index": 0,
          "x_translation": 0.4592277576413115,
          "y_translation": 0.13051906472532393,
          "z_translation": 0.07651884751570176,
          "correlation_height": 3.3702463946772563e+17,
          "persistence": 1.0,
          "level_potential": 1.0
        }
      ]
    },
    {
      "rotation_index": 8,
      "rotation": {
        "w": 1.475468298718228e-16,
        "x": -0.5253598837894025,
        "y": 0.2808107082672495,
        "z": -0.8032075314806449,
        "correlation_height": 0.8651733459667692,
        "persistence": 0.2746529178815331,
        "level_potential": 0.05646439735080313
      },
      "estimated_transform": [
        [
          -0.4479939850095711,
          -0.2950533621242038,
          0.843946030794889,
          -1.5270769722563928
        ],
        [
          -0.29505336212420424,
          -0.8422906922448914,
          -0.4510985516013379,
          0.34577003261446226
        ],
        [
          0.8439460307948887,
          -0.4510985516013382,
          0.2902846772544625,
          0.8855233376760459
        ],
        [
          0.0,
          0.0,
          0.0,
          1.0
        ]
      ],
      "estimated_rpy_xyz": {
        "roll_deg": -57.23847116865978,
        "pitch_deg": -57.55918702858416,
        "yaw_deg": -146.63069623176142,
        "x": -1.5270769722563928,
        "y": 0.34577003261446226,
        "z": 0.8855233376760459
      },
      "error": {
        "rotation_error_deg": 179.88778485613722,
        "translation_error_m": 2.0370245507740705
      },
      "translations": [
        {
          "index": 0,
          "x_translation": -0.6982268210411454,
          "y_translation": -0.09169678387126066,
          "z_translation": 0.3046152945653045,
          "correlation_height": 2.9167261243957306e+17,
          "persistence": 1.0,
          "level_potential": 1.0
        }
      ]
    },
    {
      "rotation_index": 9,
      "rotation": {
        "w": 0.4623389807090541,
        "x": 0.6236125064933355,
        "y": -0.6236125064933355,
        "z": -0.09196494118473603,
        "correlation_height": 0.7166076569284344,
        "persistence": 0.26767014997849453,
        "level_potential": 0.0367927943562556
      },
      "estimated_transform": [
        [
          0.20529978267597515,
          -0.692747162173163,
          -0.691341716182545,
          2.3315859550847375
        ],
        [
          -0.8628230708464389,
          0.20529978267597515,
          -0.4619397662556434,
          0.19101146216843656
        ],
        [
          0.4619397662556434,
          0.691341716182545,
          -0.555570233019602,
          4.837612186189441
        ],
        [
          0.0,
          0.0,
          0.0,
          1.0
        ]
      ],
      "estimated_rpy_xyz": {
        "roll_deg": 128.78576315634052,
        "pitch_deg": -27.512348074451324,
        "yaw_deg": -76.61594114882722,
        "x": 2.3315859550847375,
        "y": 0.19101146216843656,
        "z": 4.837612186189441
      },
      "error": {
        "rotation_error_deg": 111.37302565944968,
        "translation_error_m": 5.3316201869240425
      },
      "translations": [
        {
          "index": 0,
          "x_translation": 1.1623253034949026,
          "y_translation": -0.16234758594982585,
          "z_translation": -1.1667893711836532,
          "correlation_height": 6.595087543373721e+16,
          "persistence": 1.0,
          "level_potential": 1.0
        },
        {
          "index": 1,
          "x_translation": -0.6896477686652008,
          "y_translation": 0.8655077025476117,
          "z_translation": 0.2487545666862449,
          "correlation_height": 6.080576203079533e+16,
          "persistence": 0.744937715257619,
          "level_potential": 0.1932580833903814
        },
        {
          "index": 2,
          "x_translation": -1.072233481143686,
          "y_translation": -0.7631246226398136,
          "z_translation": -0.6121232893934666,
          "correlation_height": 5.135623446048833e+16,
          "persistence": 0.5318648083557731,
          "level_potential": 0.13660680152576188
        }
      ]
    },
    {
      "rotation_index": 10,
      "rotation": {
        "w": 0.39284747919355123,
        "x": -0.691341716182545,
        "y": -0.46193976625564315,
        "z": -0.3928474791935511,
        "correlation_height": 0.6955718425720704,
        "persistence": 0.22192416926757896,
        "level_potential": 0.023828307269312246
      },
      "estimated_transform": [
        [
          0.2645650208859084,
          0.9473747453697354,
          0.18023995550173721,
          -0.9906680499799797
        ],
        [
          0.3300581777348249,
          -0.2645650208859085,
          0.906127446352888,
          -3.2000474836329005
        ],
        [
          0.906127446352888,
          -0.18023995550173744,
          -0.38268343236508984,
          2.570181664919038
        ],
        [
          0.0,
          0.0,
          0.0,
          1.0
        ]
      ],
      "estimated_rpy_xyz": {
        "roll_deg": -154.7800473498943,
        "pitch_deg": -64.97556178276758,
        "yaw_deg": 51.285353139586434,
        "x": -0.9906680499799797,
        "y": -3.2000474836329005,
        "z": 2.570181664919038
      },
      "error": {
        "rotation_error_deg": 126.76885022030635,
        "translation_error_m": 4.398117482470856
      },
      "translations": [
        {
          "index": 0,
          "x_translation": -0.790057900642269,
          "y_translation": -0.6156201219833837,
          "z_translation": -0.4913918939832782,
          "correlation_height": 8.000740940728933e+16,
          "persistence": 1.0,
          "level_potential": 1.0
        }
      ]
    },
    {
      "rotation_index": 11,
      "rotation": {
        "w": 0.6392169592876206,
        "x": -0.4091447146511901,
        "y": 0.12411269230491093,
        "z": -0.6392169592876203,
        "correlation_height": 0.7115521498218992,
        "persistence": 0.21995155490297447,
        "level_potential": 0.02449444159611122
      },
      "estimated_transform": [
        [
          0.15199543713583052,
          0.7156365379264553,
          0.6817343563841601,
          -0.8098409568877803
        ],
        [
          -0.9187567462371904,
          -0.15199543713583008,
          0.3643946052475795,
          -1.6667001556419812
        ],
        [
          0.36439460524757916,
          -0.6817343563841602,
          0.6343932841636455,
          -0.1472243122759691
        ],
        [
          0.0,
          0.0,
          0.0,
          1.0
        ]
      ],
      "estimated_rpy_xyz": {
        "roll_deg": -47.060039344247656,
        "pitch_deg": -21.370330430638024,
        "yaw_deg": -80.60629796842045,
        "x": -0.8098409568877803,
        "y": -1.6667001556419812,
        "z": -0.1472243122759691
      },
      "error": {
        "rotation_error_deg": 99.76282641048422,
        "translation_error_m": 2.054093029788151
      },
      "translations": [
        {
          "index": 0,
          "x_translation": 0.15347615459407662,
          "y_translation": 0.8598868018975222,
          "z_translation": -0.15309028328384372,
          "correlation_height": 8.4291183051073e+16,
          "persistence": 1.0,
          "level_potential": 1.0
        },
        {
          "index": 1,
          "x_translation": 1.1574071297441804,
          "y_translation": -0.4688149365452189,
          "z_translation": -0.8379036722910941,
          "correlation_height": 6.81012381926651e+16,
          "persistence": 0.6330720479220946,
          "level_potential": 0.18522707075720207
        }
      ]
    },
    {
      "rotation_index": 12,
      "rotation": {
        "w": 0.40597560996814164,
        "x": 0.13411622582362157,
        "y": -0.2835649347689254,
        "z": -0.8583633087750885,
        "correlation_height": 0.7576164859918662,
        "persistence": 0.18821908403231424,
        "level_potential": 0.02033415567743158
      },
      "estimated_transform": [
        [
          -0.6343932841636457,
          0.6208878180542183,
          -0.4604817894335631,
          1.345607233915298
        ],
        [
          -0.7730104533627371,
          -0.509549463760981,
          0.3779076381509543,
          -0.9219534305553888
        ],
        [
          2.7755575615628914e-17,
          0.5956993044924335,
          0.8032075314806448,
          1.1973556741514932
        ],
        [
          0.0,
          0.0,
          0.0,
          1.0
        ]
      ],
      "estimated_rpy_xyz": {
        "roll_deg": 36.56249999999998,
        "pitch_deg": 1.1131941385122309e-14,
        "yaw_deg": -129.375,
        "x": 1.345607233915298,
        "y": -0.9219534305553888,
        "z": 1.1973556741514932
      },
      "error": {
        "rotation_error_deg": 120.2121515067166,
        "translation_error_m": 1.9559094892645401
      },
      "translations": [
        {
          "index": 0,
          "x_translation": -0.537704329973005,
          "y_translation": 0.0856110190323528,
          "z_translation": 0.6156946821007532,
          "correlation_height": 3.146471443474805e+17,
          "persistence": 1.0,
          "level_potential": 1.0
        }
      ]
    },
    {
      "rotation_index": 13,
      "rotation": {
        "w": 0.059039367825822565,
        "x": 0.6514331745642714,
        "y": 0.7187457486839787,
        "z": -0.2356983684129989,
        "correlation_height": 0.6649326752060828,
        "persistence": 0.18764709739808105,
        "level_potential": 0.015568223288332633
      },
      "estimated_transform": [
        [
          -0.1442983442476855,
          0.9642606148769189,
          -0.22221488349019886,
          0.9738886229956544
        ],
        [
          0.9085986842021939,
          0.040162196409131434,
          -0.41573480615127284,
          -0.04274975261064329
        ],
        [
          -0.3919520620093974,
          -0.26189399492309967,
          -0.8819212643483549,
          3.467526122157455
        ],
        [
          0.0,
          0.0,
          0.0,
          1.0
        ]
      ],
      "estimated_rpy_xyz": {
        "roll_deg": -163.4607667921334,
        "pitch_deg": 23.07601704837788,
        "yaw_deg": 99.02401746352818,
        "x": 0.9738886229956544,
        "y": -0.04274975261064329,
        "z": 3.467526122157455
      },
      "error": {
        "rotation_error_deg": 179.22707936725604,
        "translation_error_m": 3.613712221005796
      },
      "translations": [
        {
          "index": 0,
          "x_translation": -0.21753697842060324,
          "y_translation": 0.2968139800975792,
          "z_translation": 0.7564162921847052,
          "correlation_height": 1.3236894723512482e+17,
          "persistence": 1.0,
          "level_potential": 1.0
        },
        {
          "index": 1,
          "x_translation": 0.9294203417997597,
          "y_translation": 1.1455742702885399,
          "z_translation": -0.702268803149156,
          "correlation_height": 6.86462300447643e+16,
          "persistence": 0.402103583600099,
          "level_potential": 0.15706042972318385
        }
      ]
    },
    {
      "rotation_index": 14,
      "rotation": {
        "w": 0.1494890825614519,
        "x": -0.5841261727194959,
        "y": 0.5294211029943043,
        "z": 0.5967938708157982,
        "correlation_height": 0.6772061199047783,
        "persistence": 0.1792143775900809,
        "level_potential": 0.014729481011999696
      },
      "estimated_transform": [
        [
          -0.27289925707801865,
          -0.7969257817510966,
          -0.5389204893735898,
          0.6276474758269747
        ],
        [
          -0.44006910884489137,
          -0.39473261979845975,
          0.8065515100150198,
          -1.7348033195044836
        ],
        [
          -0.8554911892747518,
          0.45726956737514124,
          -0.24298017990326404,
          2.9558568505828315
        ],
        [
          0.0,
          0.0,
          0.0,
          1.0
        ]
      ],
      "estimated_rpy_xyz": {
        "roll_deg": 117.98491931678805,
        "pitch_deg": 58.814041689420534,
        "yaw_deg": -121.8042176143581,
        "x": 0.6276474758269747,
        "y": -1.7348033195044836,
        "z": 2.9558568505828315
      },
      "error": {
        "rotation_error_deg": 177.52863797331253,
        "translation_error_m": 3.5539349444682062
      },
      "translations": [
        {
          "index": 0,
          "x_translation": -0.23885317664112055,
          "y_translation": -0.16955318672134848,
          "z_translation": 0.6882439071528368,
          "correlation_height": 7.006452798198774e+16,
          "persistence": 1.0,
          "level_potential": 1.0
        },
        {
          "index": 1,
          "x_translation": 0.9175436214272606,
          "y_translation": 0.5327964765821541,
          "z_translation": -0.9127662979922725,
          "correlation_height": 6.464255698082069e+16,
          "persistence": 0.766753012291749,
          "level_potential": 0.20424007296005964
        },
        {
          "index": 2,
          "x_translation": 1.4014101210676946,
          "y_translation": -0.6126659536743115,
          "z_translation": -0.07287602503983866,
          "correlation_height": 6.2165029894286376e+16,
          "persistence": 0.46334477503613053,
          "level_potential": 0.10431726637092949
        }
      ]
    },
    {
      "rotation_index": 15,
      "rotation": {
        "w": 0.6204395732578317,
        "x": 0.653460553293382,
        "y": 0.3492819426398786,
        "z": 0.25699448587636947,
        "correlation_height": 0.7031271255963567,
        "persistence": 0.17767116502364877,
        "level_potential": 0.015606359453946552
      },
      "estimated_transform": [
        [
          0.6239119175497062,
          0.13758484469218374,
          0.7692881967445468,
          -1.3248521696830113
        ],
        [
          0.7753830412791858,
          0.013886279037295113,
          -0.6313385071030748,
          1.588238688353779
        ],
        [
          -0.09754516100806415,
          0.9903926402016154,
          -0.09801714032956088,
          3.193107202456809
        ],
        [
          0.0,
          0.0,
          0.0,
          1.0
        ]
      ],
      "estimated_rpy_xyz": {
        "roll_deg": 95.65204116409835,
        "pitch_deg": 5.597827363734026,
        "yaw_deg": 51.178107432740674,
        "x": -1.3248521696830113,
        "y": 1.588238688353779,
        "z": 3.193107202456809
      },
      "error": {
        "rotation_error_deg": 109.63855046942035,
        "translation_error_m": 3.923143444025122
      },
      "translations": [
        {
          "index": 0,
          "x_translation": 0.7698335496315254,
          "y_translation": 0.39478654067324825,
          "z_translation": -0.07226525713961936,
          "correlation_height": 1.1513751051183094e+17,
          "persistence": 1.0,
          "level_potential": 1.0
        },
        {
          "index": 1,
          "x_translation": -0.39619981249616476,
          "y_translation": 0.07427775966774515,
          "z_translation": 0.6105976331388908,
          "correlation_height": 1.069934938596493e+17,
          "persistence": 0.7033938896394842,
          "level_potential": 0.12445960772291423
        }
      ]
    },
    {
      "rotation_index": 16,
      "rotation": {
        "w": 0.5610547469477102,
        "x": 0.158708054888835,
        "y": 0.6335980714030951,
        "z": -0.5085103815608112,
        "correlation_height": 0.6877072370292112,
        "persistence": 0.16907416639390305,
        "level_potential": 0.013519533272584594
      },
      "estimated_transform": [
        [
          -0.3200586484816874,
          0.771718561881174,
          0.5495570241386504,
          -0.537877235859804
        ],
        [
          -0.3694900919063643,
          0.43245789031656123,
          -0.8224702092392016,
          1.6221266056157297
        ],
        [
          -0.8723757983318331,
          -0.46629457894232695,
          0.14673047445536158,
          0.719074797958541
        ],
        [
          0.0,
          0.0,
          0.0,
          1.0
        ]
      ],
      "estimated_rpy_xyz": {
        "roll_deg": -72.53260081974274,
        "pitch_deg": 60.73590740463215,
        "yaw_deg": -130.89967138880175,
        "x": -0.537877235859804,
        "y": 1.6221266056157297,
        "z": 0.719074797958541
      },
      "error": {
        "rotation_error_deg": 118.05961706122974,
        "translation_error_m": 1.8971233347066718
      },
      "translations": [
        {
          "index": 0,
          "x_translation": 0.7097965613145372,
          "y_translation": 0.8412396995081,
          "z_translation": 0.08250209565771092,
          "correlation_height": 8.806553593323381e+16,
          "persistence": 1.0,
          "level_potential": 1.0
        },
        {
          "index": 1,
          "x_translation": -0.6969436917475932,
          "y_translation": 1.0062104927237057,
          "z_translation": -0.154415062098561,
          "correlation_height": 7.265207861472368e+16,
          "persistence": 0.6661373559659964,
          "level_potential": 0.12326202735590175
        }
      ]
    },
    {
      "rotation_index": 17,
      "rotation": {
        "w": 0.6889340795186435,
        "x": 0.5949817585916239,
        "y": 0.02922957946990421,
        "z": -0.41293119609086304,
        "correlation_height": 0.7726067410400627,
        "persistence": 0.1641140231778484,
        "level_potential": 0.016077124333140434
      },
      "estimated_transform": [
        [
          0.6572669179579638,
          0.6037468801585766,
          -0.4510985516013376,
          1.1263356875892776
        ],
        [
          -0.5341826137749877,
          -0.049030931523624144,
          -0.8439460307948891,
          0.8606489418909028
        ],
        [
          -0.5316475653085996,
          0.7956668099479273,
          0.2902846772544624,
          2.017798334322055
        ],
        [
          0.0,
          0.0,
          0.0,
          1.0
        ]
      ],
      "estimated_rpy_xyz": {
        "roll_deg": 69.95641469238238,
        "pitch_deg": 32.11684190926732,
        "yaw_deg": -39.101904566994754,
        "x": 1.1263356875892776,
        "y": 0.8606489418909028,
        "z": 2.017798334322055
      },
      "error": {
        "rotation_error_deg": 86.88451421460638,
        "translation_error_m": 2.3918577423255334
      },
      "translations": [
        {
          "index": 0,
          "x_translation": 0.2295753371501276,
          "y_translation": 0.08327655266308304,
          "z_translation": 0.5333207717715155,
          "correlation_height": 1.5677753839176547e+17,
          "persistence": 1.0,
          "level_potential": 1.0
        }
      ]
    },
    {
      "rotation_index": 18,
      "rotation": {
        "w": 0.6845086899002149,
        "x": -0.6149910138218498,
        "y": -0.22004730330247735,
        "z": 0.3237484991143161,
        "correlation_height": 0.7509382325663957,
        "persistence": 0.16068413498834777,
        "level_potential": 0.014559767189643634
      },
      "estimated_transform": [
        [
          0.6935321872610705,
          -0.17256309367829348,
          -0.699453417986539,
          1.4784719249280165
        ],
        [
          0.713871550265312,
          0.03394592447920197,
          0.6994534179865393,
          -1.7112943578971103
        ],
        [
          -0.09695625278792303,
          -0.9844133546998581,
          0.1467304744553617,
          2.234461354131694
        ],
        [
          0.0,
          0.0,
          0.0,
          1.0
        ]
      ],
      "estimated_rpy_xyz": {
        "roll_deg": -81.52226641986239,
        "pitch_deg": 5.563924706242092,
        "yaw_deg": 45.827963226358705,
        "x": 1.4784719249280165,
        "y": -1.7112943578971103,
        "z": 2.234461354131694
      },
      "error": {
        "rotation_error_deg": 97.13191826120827,
        "translation_error_m": 3.171724881190403
      },
      "translations": [
        {
          "index": 0,
          "x_translation": 0.23955886158274486,
          "y_translation": -0.7505570004674531,
          "z_translation": 0.3081748019970447,
          "correlation_height": 1.402592335046424e+17,
          "persistence": 1.0,
          "level_potential": 1.0
        }
      ]
    },
    {
      "rotation_index": 19,
      "rotation": {
        "w": 0.7661440382828939,
        "x": 0.3611312062176071,
        "y": -0.26783315636716737,
        "z": 0.4592090644246874,
        "correlation_height": 0.6726915623706049,
        "persistence": 0.15556377030379642,
        "level_potential": 0.010950876503442305
      },
      "estimated_transform": [
        [
          0.4347848710012079,
          -0.897086395716767,
          -0.07872810532689833,
          0.2593057720843539
        ],
        [
          0.5101947524209907,
          0.3174225740920392,
          -0.7993398676776156,
          1.4011569314034644
        ],
        [
          0.7420669986938828,
          0.307374215048504,
          0.5956993044924335,
          0.45789796160108454
        ],
        [
          0.0,
          0.0,
          0.0,
          1.0
        ]
      ],
      "estimated_rpy_xyz": {
        "roll_deg": 27.293230737622014,
        "pitch_deg": -47.90779107724985,
        "yaw_deg": 49.562565369482336,
        "x": 0.2593057720843539,
        "y": 1.4011569314034644,
        "z": 0.45789796160108454
      },
      "error": {
        "rotation_error_deg": 78.552371904049,
        "translation_error_m": 1.4144146547015746
      },
      "translations": [
        {
          "index": 0,
          "x_translation": -0.1666964308534145,
          "y_translation": -0.6905710427752878,
          "z_translation": -0.30781410797827635,
          "correlation_height": 8.567322419836749e+16,
          "persistence": 1.0,
          "level_potential": 1.0
        },
        {
          "index": 1,
          "x_translation": 1.003470493532714,
          "y_translation": 0.9933979019201589,
          "z_translation": -0.002511815515832479,
          "correlation_height": 8.411458164237565e+16,
          "persistence": 0.8761697827492937,
          "level_potential": 0.2996617401642854
        }
      ]
    },
    {
      "rotation_index": 20,
      "rotation": {
        "w": 0.09779396236226377,
        "x": -0.3603133145872182,
        "y": 0.8698732907800657,
        "z": -0.32238348940992567,
        "correlation_height": 0.7493820756905141,
        "persistence": 0.14818281413273338,
        "level_potential": 0.012331113028023888
      },
      "estimated_transform": [
        [
          -0.7212213125133213,
          -0.5637995396845742,
          0.402454838991936,
          -0.9912749763358233
        ],
        [
          -0.6899081750028523,
          0.5324864021741051,
          -0.49039264020161527,
          1.3525549839544322
        ],
        [
          0.06218141555799883,
          -0.631338507103075,
          -0.7730104533627373,
          4.137095539169864
        ],
        [
          0.0,
          0.0,
          0.0,
          1.0
        ]
      ],
      "estimated_rpy_xyz": {
        "roll_deg": -140.76055925035152,
        "pitch_deg": -3.565032580768778,
        "yaw_deg": -136.27119180146153,
        "x": -0.9912749763358233,
        "y": 1.3525549839544322,
        "z": 4.137095539169864
      },
      "error": {
        "rotation_error_deg": 179.5490900468418,
        "translation_error_m": 4.566457707421209
      },
      "translations": [
        {
          "index": 0,
          "x_translation": -0.46468008569179303,
          "y_translation": -0.15557426864770432,
          "z_translation": -0.46514351255740805,
          "correlation_height": 1.6446233102831494e+17,
          "persistence": 1.0,
          "level_potential": 1.0
        }
      ]
    }
  ]
}